6912
 20.5  80.5
 21.0  80.5
 21.5  80.5
 22.0  80.5
 22.5  80.5
 23.0  80.5
 23.5  80.5
 24.0  80.5
 24.5  80.5
 25.0  80.5
 25.5  80.5
 26.0  80.5
 26.5  80.5
 27.0  80.5
 27.5  80.5
 28.0  80.5
 28.5  80.5
 29.0  80.5
 29.5  80.5
 30.0  80.5
 30.5  80.5
 31.0  80.5
 31.5  80.5
 32.0  80.5
 32.5  80.5
 33.0  80.5
 33.5  80.5
 34.0  80.5
 34.5  80.5
 35.0  80.5
 35.5  80.5
 36.0  80.5
 36.5  80.5
 37.0  80.5
 37.5  80.5
 38.0  80.5
 38.5  80.5
 39.0  80.5
 39.5  80.5
 40.0  80.5
 40.5  80.5
 41.0  80.5
 41.5  80.5
 42.0  80.5
 42.5  80.5
 43.0  80.5
 43.5  80.5
 44.0  80.5
 44.5  80.5
 45.0  80.5
 45.5  80.5
 46.0  80.5
 46.5  80.5
 47.0  80.5
 47.5  80.5
 48.0  80.5
 48.5  80.5
 49.0  80.5
 49.5  80.5
 50.0  80.5
 50.5  80.5
 51.0  80.5
 51.5  80.5
 52.0  80.5
 20.5  81.0
 21.0  81.0
 21.5  81.0
 22.0  81.0
 22.5  81.0
 23.0  81.0
 23.5  81.0
 24.0  81.0
 24.5  81.0
 25.0  81.0
 25.5  81.0
 26.0  81.0
 26.5  81.0
 27.0  81.0
 27.5  81.0
 28.0  81.0
 28.5  81.0
 29.0  81.0
 29.5  81.0
 30.0  81.0
 30.5  81.0
 31.0  81.0
 31.5  81.0
 32.0  81.0
 32.5  81.0
 33.0  81.0
 33.5  81.0
 34.0  81.0
 34.5  81.0
 35.0  81.0
 35.5  81.0
 36.0  81.0
 36.5  81.0
 37.0  81.0
 37.5  81.0
 38.0  81.0
 38.5  81.0
 39.0  81.0
 39.5  81.0
 40.0  81.0
 40.5  81.0
 41.0  81.0
 41.5  81.0
 42.0  81.0
 42.5  81.0
 43.0  81.0
 43.5  81.0
 44.0  81.0
 44.5  81.0
 45.0  81.0
 45.5  81.0
 46.0  81.0
 46.5  81.0
 47.0  81.0
 47.5  81.0
 48.0  81.0
 48.5  81.0
 49.0  81.0
 49.5  81.0
 50.0  81.0
 50.5  81.0
 51.0  81.0
 51.5  81.0
 52.0  81.0
 20.5  81.5
 21.0  81.5
 21.5  81.5
 22.0  81.5
 22.5  81.5
 23.0  81.5
 23.5  81.5
 24.0  81.5
 24.5  81.5
 25.0  81.5
 25.5  81.5
 26.0  81.5
 26.5  81.5
 27.0  81.5
 27.5  81.5
 28.0  81.5
 28.5  81.5
 29.0  81.5
 29.5  81.5
 30.0  81.5
 30.5  81.5
 31.0  81.5
 31.5  81.5
 32.0  81.5
 32.5  81.5
 33.0  81.5
 33.5  81.5
 34.0  81.5
 34.5  81.5
 35.0  81.5
 35.5  81.5
 36.0  81.5
 36.5  81.5
 37.0  81.5
 37.5  81.5
 38.0  81.5
 38.5  81.5
 39.0  81.5
 39.5  81.5
 40.0  81.5
 40.5  81.5
 41.0  81.5
 41.5  81.5
 42.0  81.5
 42.5  81.5
 43.0  81.5
 43.5  81.5
 44.0  81.5
 44.5  81.5
 45.0  81.5
 45.5  81.5
 46.0  81.5
 46.5  81.5
 47.0  81.5
 47.5  81.5
 48.0  81.5
 48.5  81.5
 49.0  81.5
 49.5  81.5
 50.0  81.5
 50.5  81.5
 51.0  81.5
 51.5  81.5
 52.0  81.5
 20.5  82.0
 21.0  82.0
 21.5  82.0
 22.0  82.0
 22.5  82.0
 23.0  82.0
 23.5  82.0
 24.0  82.0
 24.5  82.0
 25.0  82.0
 25.5  82.0
 26.0  82.0
 26.5  82.0
 27.0  82.0
 27.5  82.0
 28.0  82.0
 28.5  82.0
 29.0  82.0
 29.5  82.0
 30.0  82.0
 30.5  82.0
 31.0  82.0
 31.5  82.0
 32.0  82.0
 32.5  82.0
 33.0  82.0
 33.5  82.0
 34.0  82.0
 34.5  82.0
 35.0  82.0
 35.5  82.0
 36.0  82.0
 36.5  82.0
 37.0  82.0
 37.5  82.0
 38.0  82.0
 38.5  82.0
 39.0  82.0
 39.5  82.0
 40.0  82.0
 40.5  82.0
 41.0  82.0
 41.5  82.0
 42.0  82.0
 42.5  82.0
 43.0  82.0
 43.5  82.0
 44.0  82.0
 44.5  82.0
 45.0  82.0
 45.5  82.0
 46.0  82.0
 46.5  82.0
 47.0  82.0
 47.5  82.0
 48.0  82.0
 48.5  82.0
 49.0  82.0
 49.5  82.0
 50.0  82.0
 50.5  82.0
 51.0  82.0
 51.5  82.0
 52.0  82.0
 20.5  82.5
 21.0  82.5
 21.5  82.5
 22.0  82.5
 22.5  82.5
 23.0  82.5
 23.5  82.5
 24.0  82.5
 24.5  82.5
 25.0  82.5
 25.5  82.5
 26.0  82.5
 26.5  82.5
 27.0  82.5
 27.5  82.5
 28.0  82.5
 28.5  82.5
 29.0  82.5
 29.5  82.5
 30.0  82.5
 30.5  82.5
 31.0  82.5
 31.5  82.5
 32.0  82.5
 32.5  82.5
 33.0  82.5
 33.5  82.5
 34.0  82.5
 34.5  82.5
 35.0  82.5
 35.5  82.5
 36.0  82.5
 36.5  82.5
 37.0  82.5
 37.5  82.5
 38.0  82.5
 38.5  82.5
 39.0  82.5
 39.5  82.5
 40.0  82.5
 40.5  82.5
 41.0  82.5
 41.5  82.5
 42.0  82.5
 42.5  82.5
 43.0  82.5
 43.5  82.5
 44.0  82.5
 44.5  82.5
 45.0  82.5
 45.5  82.5
 46.0  82.5
 46.5  82.5
 47.0  82.5
 47.5  82.5
 48.0  82.5
 48.5  82.5
 49.0  82.5
 49.5  82.5
 50.0  82.5
 50.5  82.5
 51.0  82.5
 51.5  82.5
 52.0  82.5
 20.5  83.0
 21.0  83.0
 21.5  83.0
 22.0  83.0
 22.5  83.0
 23.0  83.0
 23.5  83.0
 24.0  83.0
 24.5  83.0
 25.0  83.0
 25.5  83.0
 26.0  83.0
 26.5  83.0
 27.0  83.0
 27.5  83.0
 28.0  83.0
 28.5  83.0
 29.0  83.0
 29.5  83.0
 30.0  83.0
 30.5  83.0
 31.0  83.0
 31.5  83.0
 32.0  83.0
 32.5  83.0
 33.0  83.0
 33.5  83.0
 34.0  83.0
 34.5  83.0
 35.0  83.0
 35.5  83.0
 36.0  83.0
 36.5  83.0
 37.0  83.0
 37.5  83.0
 38.0  83.0
 38.5  83.0
 39.0  83.0
 39.5  83.0
 40.0  83.0
 40.5  83.0
 41.0  83.0
 41.5  83.0
 42.0  83.0
 42.5  83.0
 43.0  83.0
 43.5  83.0
 44.0  83.0
 44.5  83.0
 45.0  83.0
 45.5  83.0
 46.0  83.0
 46.5  83.0
 47.0  83.0
 47.5  83.0
 48.0  83.0
 48.5  83.0
 49.0  83.0
 49.5  83.0
 50.0  83.0
 50.5  83.0
 51.0  83.0
 51.5  83.0
 52.0  83.0
 20.5  83.5
 21.0  83.5
 21.5  83.5
 22.0  83.5
 22.5  83.5
 23.0  83.5
 23.5  83.5
 24.0  83.5
 24.5  83.5
 25.0  83.5
 25.5  83.5
 26.0  83.5
 26.5  83.5
 27.0  83.5
 27.5  83.5
 28.0  83.5
 28.5  83.5
 29.0  83.5
 29.5  83.5
 30.0  83.5
 30.5  83.5
 31.0  83.5
 31.5  83.5
 32.0  83.5
 32.5  83.5
 33.0  83.5
 33.5  83.5
 34.0  83.5
 34.5  83.5
 35.0  83.5
 35.5  83.5
 36.0  83.5
 36.5  83.5
 37.0  83.5
 37.5  83.5
 38.0  83.5
 38.5  83.5
 39.0  83.5
 39.5  83.5
 40.0  83.5
 40.5  83.5
 41.0  83.5
 41.5  83.5
 42.0  83.5
 42.5  83.5
 43.0  83.5
 43.5  83.5
 44.0  83.5
 44.5  83.5
 45.0  83.5
 45.5  83.5
 46.0  83.5
 46.5  83.5
 47.0  83.5
 47.5  83.5
 48.0  83.5
 48.5  83.5
 49.0  83.5
 49.5  83.5
 50.0  83.5
 50.5  83.5
 51.0  83.5
 51.5  83.5
 52.0  83.5
 20.5  84.0
 21.0  84.0
 21.5  84.0
 22.0  84.0
 22.5  84.0
 23.0  84.0
 23.5  84.0
 24.0  84.0
 24.5  84.0
 25.0  84.0
 25.5  84.0
 26.0  84.0
 26.5  84.0
 27.0  84.0
 27.5  84.0
 28.0  84.0
 28.5  84.0
 29.0  84.0
 29.5  84.0
 30.0  84.0
 30.5  84.0
 31.0  84.0
 31.5  84.0
 32.0  84.0
 32.5  84.0
 33.0  84.0
 33.5  84.0
 34.0  84.0
 34.5  84.0
 35.0  84.0
 35.5  84.0
 36.0  84.0
 36.5  84.0
 37.0  84.0
 37.5  84.0
 38.0  84.0
 38.5  84.0
 39.0  84.0
 39.5  84.0
 40.0  84.0
 40.5  84.0
 41.0  84.0
 41.5  84.0
 42.0  84.0
 42.5  84.0
 43.0  84.0
 43.5  84.0
 44.0  84.0
 44.5  84.0
 45.0  84.0
 45.5  84.0
 46.0  84.0
 46.5  84.0
 47.0  84.0
 47.5  84.0
 48.0  84.0
 48.5  84.0
 49.0  84.0
 49.5  84.0
 50.0  84.0
 50.5  84.0
 51.0  84.0
 51.5  84.0
 52.0  84.0
 20.5  84.5
 21.0  84.5
 21.5  84.5
 22.0  84.5
 22.5  84.5
 23.0  84.5
 23.5  84.5
 24.0  84.5
 24.5  84.5
 25.0  84.5
 25.5  84.5
 26.0  84.5
 26.5  84.5
 27.0  84.5
 27.5  84.5
 28.0  84.5
 28.5  84.5
 29.0  84.5
 29.5  84.5
 30.0  84.5
 30.5  84.5
 31.0  84.5
 31.5  84.5
 32.0  84.5
 32.5  84.5
 33.0  84.5
 33.5  84.5
 34.0  84.5
 34.5  84.5
 35.0  84.5
 35.5  84.5
 36.0  84.5
 36.5  84.5
 37.0  84.5
 37.5  84.5
 38.0  84.5
 38.5  84.5
 39.0  84.5
 39.5  84.5
 40.0  84.5
 40.5  84.5
 41.0  84.5
 41.5  84.5
 42.0  84.5
 42.5  84.5
 43.0  84.5
 43.5  84.5
 44.0  84.5
 44.5  84.5
 45.0  84.5
 45.5  84.5
 46.0  84.5
 46.5  84.5
 47.0  84.5
 47.5  84.5
 48.0  84.5
 48.5  84.5
 49.0  84.5
 49.5  84.5
 50.0  84.5
 50.5  84.5
 51.0  84.5
 51.5  84.5
 52.0  84.5
 20.5  85.0
 21.0  85.0
 21.5  85.0
 22.0  85.0
 22.5  85.0
 23.0  85.0
 23.5  85.0
 24.0  85.0
 24.5  85.0
 25.0  85.0
 25.5  85.0
 26.0  85.0
 26.5  85.0
 27.0  85.0
 27.5  85.0
 28.0  85.0
 28.5  85.0
 29.0  85.0
 29.5  85.0
 30.0  85.0
 30.5  85.0
 31.0  85.0
 31.5  85.0
 32.0  85.0
 32.5  85.0
 33.0  85.0
 33.5  85.0
 34.0  85.0
 34.5  85.0
 35.0  85.0
 35.5  85.0
 36.0  85.0
 36.5  85.0
 37.0  85.0
 37.5  85.0
 38.0  85.0
 38.5  85.0
 39.0  85.0
 39.5  85.0
 40.0  85.0
 40.5  85.0
 41.0  85.0
 41.5  85.0
 42.0  85.0
 42.5  85.0
 43.0  85.0
 43.5  85.0
 44.0  85.0
 44.5  85.0
 45.0  85.0
 45.5  85.0
 46.0  85.0
 46.5  85.0
 47.0  85.0
 47.5  85.0
 48.0  85.0
 48.5  85.0
 49.0  85.0
 49.5  85.0
 50.0  85.0
 50.5  85.0
 51.0  85.0
 51.5  85.0
 52.0  85.0
 20.5  85.5
 21.0  85.5
 21.5  85.5
 22.0  85.5
 22.5  85.5
 23.0  85.5
 23.5  85.5
 24.0  85.5
 24.5  85.5
 25.0  85.5
 25.5  85.5
 26.0  85.5
 26.5  85.5
 27.0  85.5
 27.5  85.5
 28.0  85.5
 28.5  85.5
 29.0  85.5
 29.5  85.5
 30.0  85.5
 30.5  85.5
 31.0  85.5
 31.5  85.5
 32.0  85.5
 32.5  85.5
 33.0  85.5
 33.5  85.5
 34.0  85.5
 34.5  85.5
 35.0  85.5
 35.5  85.5
 36.0  85.5
 36.5  85.5
 37.0  85.5
 37.5  85.5
 38.0  85.5
 38.5  85.5
 39.0  85.5
 39.5  85.5
 40.0  85.5
 40.5  85.5
 41.0  85.5
 41.5  85.5
 42.0  85.5
 42.5  85.5
 43.0  85.5
 43.5  85.5
 44.0  85.5
 44.5  85.5
 45.0  85.5
 45.5  85.5
 46.0  85.5
 46.5  85.5
 47.0  85.5
 47.5  85.5
 48.0  85.5
 48.5  85.5
 49.0  85.5
 49.5  85.5
 50.0  85.5
 50.5  85.5
 51.0  85.5
 51.5  85.5
 52.0  85.5
 20.5  86.0
 21.0  86.0
 21.5  86.0
 22.0  86.0
 22.5  86.0
 23.0  86.0
 23.5  86.0
 24.0  86.0
 24.5  86.0
 25.0  86.0
 25.5  86.0
 26.0  86.0
 26.5  86.0
 27.0  86.0
 27.5  86.0
 28.0  86.0
 28.5  86.0
 29.0  86.0
 29.5  86.0
 30.0  86.0
 30.5  86.0
 31.0  86.0
 31.5  86.0
 32.0  86.0
 32.5  86.0
 33.0  86.0
 33.5  86.0
 34.0  86.0
 34.5  86.0
 35.0  86.0
 35.5  86.0
 36.0  86.0
 36.5  86.0
 37.0  86.0
 37.5  86.0
 38.0  86.0
 38.5  86.0
 39.0  86.0
 39.5  86.0
 40.0  86.0
 40.5  86.0
 41.0  86.0
 41.5  86.0
 42.0  86.0
 42.5  86.0
 43.0  86.0
 43.5  86.0
 44.0  86.0
 44.5  86.0
 45.0  86.0
 45.5  86.0
 46.0  86.0
 46.5  86.0
 47.0  86.0
 47.5  86.0
 48.0  86.0
 48.5  86.0
 49.0  86.0
 49.5  86.0
 50.0  86.0
 50.5  86.0
 51.0  86.0
 51.5  86.0
 52.0  86.0
 20.5  86.5
 21.0  86.5
 21.5  86.5
 22.0  86.5
 22.5  86.5
 23.0  86.5
 23.5  86.5
 24.0  86.5
 24.5  86.5
 25.0  86.5
 25.5  86.5
 26.0  86.5
 26.5  86.5
 27.0  86.5
 27.5  86.5
 28.0  86.5
 28.5  86.5
 29.0  86.5
 29.5  86.5
 30.0  86.5
 30.5  86.5
 31.0  86.5
 31.5  86.5
 32.0  86.5
 32.5  86.5
 33.0  86.5
 33.5  86.5
 34.0  86.5
 34.5  86.5
 35.0  86.5
 35.5  86.5
 36.0  86.5
 36.5  86.5
 37.0  86.5
 37.5  86.5
 38.0  86.5
 38.5  86.5
 39.0  86.5
 39.5  86.5
 40.0  86.5
 40.5  86.5
 41.0  86.5
 41.5  86.5
 42.0  86.5
 42.5  86.5
 43.0  86.5
 43.5  86.5
 44.0  86.5
 44.5  86.5
 45.0  86.5
 45.5  86.5
 46.0  86.5
 46.5  86.5
 47.0  86.5
 47.5  86.5
 48.0  86.5
 48.5  86.5
 49.0  86.5
 49.5  86.5
 50.0  86.5
 50.5  86.5
 51.0  86.5
 51.5  86.5
 52.0  86.5
 20.5  87.0
 21.0  87.0
 21.5  87.0
 22.0  87.0
 22.5  87.0
 23.0  87.0
 23.5  87.0
 24.0  87.0
 24.5  87.0
 25.0  87.0
 25.5  87.0
 26.0  87.0
 26.5  87.0
 27.0  87.0
 27.5  87.0
 28.0  87.0
 28.5  87.0
 29.0  87.0
 29.5  87.0
 30.0  87.0
 30.5  87.0
 31.0  87.0
 31.5  87.0
 32.0  87.0
 32.5  87.0
 33.0  87.0
 33.5  87.0
 34.0  87.0
 34.5  87.0
 35.0  87.0
 35.5  87.0
 36.0  87.0
 36.5  87.0
 37.0  87.0
 37.5  87.0
 38.0  87.0
 38.5  87.0
 39.0  87.0
 39.5  87.0
 40.0  87.0
 40.5  87.0
 41.0  87.0
 41.5  87.0
 42.0  87.0
 42.5  87.0
 43.0  87.0
 43.5  87.0
 44.0  87.0
 44.5  87.0
 45.0  87.0
 45.5  87.0
 46.0  87.0
 46.5  87.0
 47.0  87.0
 47.5  87.0
 48.0  87.0
 48.5  87.0
 49.0  87.0
 49.5  87.0
 50.0  87.0
 50.5  87.0
 51.0  87.0
 51.5  87.0
 52.0  87.0
 20.5  87.5
 21.0  87.5
 21.5  87.5
 22.0  87.5
 22.5  87.5
 23.0  87.5
 23.5  87.5
 24.0  87.5
 24.5  87.5
 25.0  87.5
 25.5  87.5
 26.0  87.5
 26.5  87.5
 27.0  87.5
 27.5  87.5
 28.0  87.5
 28.5  87.5
 29.0  87.5
 29.5  87.5
 30.0  87.5
 30.5  87.5
 31.0  87.5
 31.5  87.5
 32.0  87.5
 32.5  87.5
 33.0  87.5
 33.5  87.5
 34.0  87.5
 34.5  87.5
 35.0  87.5
 35.5  87.5
 36.0  87.5
 36.5  87.5
 37.0  87.5
 37.5  87.5
 38.0  87.5
 38.5  87.5
 39.0  87.5
 39.5  87.5
 40.0  87.5
 40.5  87.5
 41.0  87.5
 41.5  87.5
 42.0  87.5
 42.5  87.5
 43.0  87.5
 43.5  87.5
 44.0  87.5
 44.5  87.5
 45.0  87.5
 45.5  87.5
 46.0  87.5
 46.5  87.5
 47.0  87.5
 47.5  87.5
 48.0  87.5
 48.5  87.5
 49.0  87.5
 49.5  87.5
 50.0  87.5
 50.5  87.5
 51.0  87.5
 51.5  87.5
 52.0  87.5
 20.5  88.0
 21.0  88.0
 21.5  88.0
 22.0  88.0
 22.5  88.0
 23.0  88.0
 23.5  88.0
 24.0  88.0
 24.5  88.0
 25.0  88.0
 25.5  88.0
 26.0  88.0
 26.5  88.0
 27.0  88.0
 27.5  88.0
 28.0  88.0
 28.5  88.0
 29.0  88.0
 29.5  88.0
 30.0  88.0
 30.5  88.0
 31.0  88.0
 31.5  88.0
 32.0  88.0
 32.5  88.0
 33.0  88.0
 33.5  88.0
 34.0  88.0
 34.5  88.0
 35.0  88.0
 35.5  88.0
 36.0  88.0
 36.5  88.0
 37.0  88.0
 37.5  88.0
 38.0  88.0
 38.5  88.0
 39.0  88.0
 39.5  88.0
 40.0  88.0
 40.5  88.0
 41.0  88.0
 41.5  88.0
 42.0  88.0
 42.5  88.0
 43.0  88.0
 43.5  88.0
 44.0  88.0
 44.5  88.0
 45.0  88.0
 45.5  88.0
 46.0  88.0
 46.5  88.0
 47.0  88.0
 47.5  88.0
 48.0  88.0
 48.5  88.0
 49.0  88.0
 49.5  88.0
 50.0  88.0
 50.5  88.0
 51.0  88.0
 51.5  88.0
 52.0  88.0
 20.5  88.5
 21.0  88.5
 21.5  88.5
 22.0  88.5
 22.5  88.5
 23.0  88.5
 23.5  88.5
 24.0  88.5
 24.5  88.5
 25.0  88.5
 25.5  88.5
 26.0  88.5
 26.5  88.5
 27.0  88.5
 27.5  88.5
 28.0  88.5
 28.5  88.5
 29.0  88.5
 29.5  88.5
 30.0  88.5
 30.5  88.5
 31.0  88.5
 31.5  88.5
 32.0  88.5
 32.5  88.5
 33.0  88.5
 33.5  88.5
 34.0  88.5
 34.5  88.5
 35.0  88.5
 35.5  88.5
 36.0  88.5
 36.5  88.5
 37.0  88.5
 37.5  88.5
 38.0  88.5
 38.5  88.5
 39.0  88.5
 39.5  88.5
 40.0  88.5
 40.5  88.5
 41.0  88.5
 41.5  88.5
 42.0  88.5
 42.5  88.5
 43.0  88.5
 43.5  88.5
 44.0  88.5
 44.5  88.5
 45.0  88.5
 45.5  88.5
 46.0  88.5
 46.5  88.5
 47.0  88.5
 47.5  88.5
 48.0  88.5
 48.5  88.5
 49.0  88.5
 49.5  88.5
 50.0  88.5
 50.5  88.5
 51.0  88.5
 51.5  88.5
 52.0  88.5
 20.5  89.0
 21.0  89.0
 21.5  89.0
 22.0  89.0
 22.5  89.0
 23.0  89.0
 23.5  89.0
 24.0  89.0
 24.5  89.0
 25.0  89.0
 25.5  89.0
 26.0  89.0
 26.5  89.0
 27.0  89.0
 27.5  89.0
 28.0  89.0
 28.5  89.0
 29.0  89.0
 29.5  89.0
 30.0  89.0
 30.5  89.0
 31.0  89.0
 31.5  89.0
 32.0  89.0
 32.5  89.0
 33.0  89.0
 33.5  89.0
 34.0  89.0
 34.5  89.0
 35.0  89.0
 35.5  89.0
 36.0  89.0
 36.5  89.0
 37.0  89.0
 37.5  89.0
 38.0  89.0
 38.5  89.0
 39.0  89.0
 39.5  89.0
 40.0  89.0
 40.5  89.0
 41.0  89.0
 41.5  89.0
 42.0  89.0
 42.5  89.0
 43.0  89.0
 43.5  89.0
 44.0  89.0
 44.5  89.0
 45.0  89.0
 45.5  89.0
 46.0  89.0
 46.5  89.0
 47.0  89.0
 47.5  89.0
 48.0  89.0
 48.5  89.0
 49.0  89.0
 49.5  89.0
 50.0  89.0
 50.5  89.0
 51.0  89.0
 51.5  89.0
 52.0  89.0
 20.5  89.5
 21.0  89.5
 21.5  89.5
 22.0  89.5
 22.5  89.5
 23.0  89.5
 23.5  89.5
 24.0  89.5
 24.5  89.5
 25.0  89.5
 25.5  89.5
 26.0  89.5
 26.5  89.5
 27.0  89.5
 27.5  89.5
 28.0  89.5
 28.5  89.5
 29.0  89.5
 29.5  89.5
 30.0  89.5
 30.5  89.5
 31.0  89.5
 31.5  89.5
 32.0  89.5
 32.5  89.5
 33.0  89.5
 33.5  89.5
 34.0  89.5
 34.5  89.5
 35.0  89.5
 35.5  89.5
 36.0  89.5
 36.5  89.5
 37.0  89.5
 37.5  89.5
 38.0  89.5
 38.5  89.5
 39.0  89.5
 39.5  89.5
 40.0  89.5
 40.5  89.5
 41.0  89.5
 41.5  89.5
 42.0  89.5
 42.5  89.5
 43.0  89.5
 43.5  89.5
 44.0  89.5
 44.5  89.5
 45.0  89.5
 45.5  89.5
 46.0  89.5
 46.5  89.5
 47.0  89.5
 47.5  89.5
 48.0  89.5
 48.5  89.5
 49.0  89.5
 49.5  89.5
 50.0  89.5
 50.5  89.5
 51.0  89.5
 51.5  89.5
 52.0  89.5
 20.5  90.0
 21.0  90.0
 21.5  90.0
 22.0  90.0
 22.5  90.0
 23.0  90.0
 23.5  90.0
 24.0  90.0
 24.5  90.0
 25.0  90.0
 25.5  90.0
 26.0  90.0
 26.5  90.0
 27.0  90.0
 27.5  90.0
 28.0  90.0
 28.5  90.0
 29.0  90.0
 29.5  90.0
 30.0  90.0
 30.5  90.0
 31.0  90.0
 31.5  90.0
 32.0  90.0
 32.5  90.0
 33.0  90.0
 33.5  90.0
 34.0  90.0
 34.5  90.0
 35.0  90.0
 35.5  90.0
 36.0  90.0
 36.5  90.0
 37.0  90.0
 37.5  90.0
 38.0  90.0
 38.5  90.0
 39.0  90.0
 39.5  90.0
 40.0  90.0
 40.5  90.0
 41.0  90.0
 41.5  90.0
 42.0  90.0
 42.5  90.0
 43.0  90.0
 43.5  90.0
 44.0  90.0
 44.5  90.0
 45.0  90.0
 45.5  90.0
 46.0  90.0
 46.5  90.0
 47.0  90.0
 47.5  90.0
 48.0  90.0
 48.5  90.0
 49.0  90.0
 49.5  90.0
 50.0  90.0
 50.5  90.0
 51.0  90.0
 51.5  90.0
 52.0  90.0
 20.5  90.5
 21.0  90.5
 21.5  90.5
 22.0  90.5
 22.5  90.5
 23.0  90.5
 23.5  90.5
 24.0  90.5
 24.5  90.5
 25.0  90.5
 25.5  90.5
 26.0  90.5
 26.5  90.5
 27.0  90.5
 27.5  90.5
 28.0  90.5
 28.5  90.5
 29.0  90.5
 29.5  90.5
 30.0  90.5
 30.5  90.5
 31.0  90.5
 31.5  90.5
 32.0  90.5
 32.5  90.5
 33.0  90.5
 33.5  90.5
 34.0  90.5
 34.5  90.5
 35.0  90.5
 35.5  90.5
 36.0  90.5
 36.5  90.5
 37.0  90.5
 37.5  90.5
 38.0  90.5
 38.5  90.5
 39.0  90.5
 39.5  90.5
 40.0  90.5
 40.5  90.5
 41.0  90.5
 41.5  90.5
 42.0  90.5
 42.5  90.5
 43.0  90.5
 43.5  90.5
 44.0  90.5
 44.5  90.5
 45.0  90.5
 45.5  90.5
 46.0  90.5
 46.5  90.5
 47.0  90.5
 47.5  90.5
 48.0  90.5
 48.5  90.5
 49.0  90.5
 49.5  90.5
 50.0  90.5
 50.5  90.5
 51.0  90.5
 51.5  90.5
 52.0  90.5
 20.5  91.0
 21.0  91.0
 21.5  91.0
 22.0  91.0
 22.5  91.0
 23.0  91.0
 23.5  91.0
 24.0  91.0
 24.5  91.0
 25.0  91.0
 25.5  91.0
 26.0  91.0
 26.5  91.0
 27.0  91.0
 27.5  91.0
 28.0  91.0
 28.5  91.0
 29.0  91.0
 29.5  91.0
 30.0  91.0
 30.5  91.0
 31.0  91.0
 31.5  91.0
 32.0  91.0
 32.5  91.0
 33.0  91.0
 33.5  91.0
 34.0  91.0
 34.5  91.0
 35.0  91.0
 35.5  91.0
 36.0  91.0
 36.5  91.0
 37.0  91.0
 37.5  91.0
 38.0  91.0
 38.5  91.0
 39.0  91.0
 39.5  91.0
 40.0  91.0
 40.5  91.0
 41.0  91.0
 41.5  91.0
 42.0  91.0
 42.5  91.0
 43.0  91.0
 43.5  91.0
 44.0  91.0
 44.5  91.0
 45.0  91.0
 45.5  91.0
 46.0  91.0
 46.5  91.0
 47.0  91.0
 47.5  91.0
 48.0  91.0
 48.5  91.0
 49.0  91.0
 49.5  91.0
 50.0  91.0
 50.5  91.0
 51.0  91.0
 51.5  91.0
 52.0  91.0
 20.5  91.5
 21.0  91.5
 21.5  91.5
 22.0  91.5
 22.5  91.5
 23.0  91.5
 23.5  91.5
 24.0  91.5
 24.5  91.5
 25.0  91.5
 25.5  91.5
 26.0  91.5
 26.5  91.5
 27.0  91.5
 27.5  91.5
 28.0  91.5
 28.5  91.5
 29.0  91.5
 29.5  91.5
 30.0  91.5
 30.5  91.5
 31.0  91.5
 31.5  91.5
 32.0  91.5
 32.5  91.5
 33.0  91.5
 33.5  91.5
 34.0  91.5
 34.5  91.5
 35.0  91.5
 35.5  91.5
 36.0  91.5
 36.5  91.5
 37.0  91.5
 37.5  91.5
 38.0  91.5
 38.5  91.5
 39.0  91.5
 39.5  91.5
 40.0  91.5
 40.5  91.5
 41.0  91.5
 41.5  91.5
 42.0  91.5
 42.5  91.5
 43.0  91.5
 43.5  91.5
 44.0  91.5
 44.5  91.5
 45.0  91.5
 45.5  91.5
 46.0  91.5
 46.5  91.5
 47.0  91.5
 47.5  91.5
 48.0  91.5
 48.5  91.5
 49.0  91.5
 49.5  91.5
 50.0  91.5
 50.5  91.5
 51.0  91.5
 51.5  91.5
 52.0  91.5
 20.5  92.0
 21.0  92.0
 21.5  92.0
 22.0  92.0
 22.5  92.0
 23.0  92.0
 23.5  92.0
 24.0  92.0
 24.5  92.0
 25.0  92.0
 25.5  92.0
 26.0  92.0
 26.5  92.0
 27.0  92.0
 27.5  92.0
 28.0  92.0
 28.5  92.0
 29.0  92.0
 29.5  92.0
 30.0  92.0
 30.5  92.0
 31.0  92.0
 31.5  92.0
 32.0  92.0
 32.5  92.0
 33.0  92.0
 33.5  92.0
 34.0  92.0
 34.5  92.0
 35.0  92.0
 35.5  92.0
 36.0  92.0
 36.5  92.0
 37.0  92.0
 37.5  92.0
 38.0  92.0
 38.5  92.0
 39.0  92.0
 39.5  92.0
 40.0  92.0
 40.5  92.0
 41.0  92.0
 41.5  92.0
 42.0  92.0
 42.5  92.0
 43.0  92.0
 43.5  92.0
 44.0  92.0
 44.5  92.0
 45.0  92.0
 45.5  92.0
 46.0  92.0
 46.5  92.0
 47.0  92.0
 47.5  92.0
 48.0  92.0
 48.5  92.0
 49.0  92.0
 49.5  92.0
 50.0  92.0
 50.5  92.0
 51.0  92.0
 51.5  92.0
 52.0  92.0
 20.5  92.5
 21.0  92.5
 21.5  92.5
 22.0  92.5
 22.5  92.5
 23.0  92.5
 23.5  92.5
 24.0  92.5
 24.5  92.5
 25.0  92.5
 25.5  92.5
 26.0  92.5
 26.5  92.5
 27.0  92.5
 27.5  92.5
 28.0  92.5
 28.5  92.5
 29.0  92.5
 29.5  92.5
 30.0  92.5
 30.5  92.5
 31.0  92.5
 31.5  92.5
 32.0  92.5
 32.5  92.5
 33.0  92.5
 33.5  92.5
 34.0  92.5
 34.5  92.5
 35.0  92.5
 35.5  92.5
 36.0  92.5
 36.5  92.5
 37.0  92.5
 37.5  92.5
 38.0  92.5
 38.5  92.5
 39.0  92.5
 39.5  92.5
 40.0  92.5
 40.5  92.5
 41.0  92.5
 41.5  92.5
 42.0  92.5
 42.5  92.5
 43.0  92.5
 43.5  92.5
 44.0  92.5
 44.5  92.5
 45.0  92.5
 45.5  92.5
 46.0  92.5
 46.5  92.5
 47.0  92.5
 47.5  92.5
 48.0  92.5
 48.5  92.5
 49.0  92.5
 49.5  92.5
 50.0  92.5
 50.5  92.5
 51.0  92.5
 51.5  92.5
 52.0  92.5
 20.5  93.0
 21.0  93.0
 21.5  93.0
 22.0  93.0
 22.5  93.0
 23.0  93.0
 23.5  93.0
 24.0  93.0
 24.5  93.0
 25.0  93.0
 25.5  93.0
 26.0  93.0
 26.5  93.0
 27.0  93.0
 27.5  93.0
 28.0  93.0
 28.5  93.0
 29.0  93.0
 29.5  93.0
 30.0  93.0
 30.5  93.0
 31.0  93.0
 31.5  93.0
 32.0  93.0
 32.5  93.0
 33.0  93.0
 33.5  93.0
 34.0  93.0
 34.5  93.0
 35.0  93.0
 35.5  93.0
 36.0  93.0
 36.5  93.0
 37.0  93.0
 37.5  93.0
 38.0  93.0
 38.5  93.0
 39.0  93.0
 39.5  93.0
 40.0  93.0
 40.5  93.0
 41.0  93.0
 41.5  93.0
 42.0  93.0
 42.5  93.0
 43.0  93.0
 43.5  93.0
 44.0  93.0
 44.5  93.0
 45.0  93.0
 45.5  93.0
 46.0  93.0
 46.5  93.0
 47.0  93.0
 47.5  93.0
 48.0  93.0
 48.5  93.0
 49.0  93.0
 49.5  93.0
 50.0  93.0
 50.5  93.0
 51.0  93.0
 51.5  93.0
 52.0  93.0
 20.5  93.5
 21.0  93.5
 21.5  93.5
 22.0  93.5
 22.5  93.5
 23.0  93.5
 23.5  93.5
 24.0  93.5
 24.5  93.5
 25.0  93.5
 25.5  93.5
 26.0  93.5
 26.5  93.5
 27.0  93.5
 27.5  93.5
 28.0  93.5
 28.5  93.5
 29.0  93.5
 29.5  93.5
 30.0  93.5
 30.5  93.5
 31.0  93.5
 31.5  93.5
 32.0  93.5
 32.5  93.5
 33.0  93.5
 33.5  93.5
 34.0  93.5
 34.5  93.5
 35.0  93.5
 35.5  93.5
 36.0  93.5
 36.5  93.5
 37.0  93.5
 37.5  93.5
 38.0  93.5
 38.5  93.5
 39.0  93.5
 39.5  93.5
 40.0  93.5
 40.5  93.5
 41.0  93.5
 41.5  93.5
 42.0  93.5
 42.5  93.5
 43.0  93.5
 43.5  93.5
 44.0  93.5
 44.5  93.5
 45.0  93.5
 45.5  93.5
 46.0  93.5
 46.5  93.5
 47.0  93.5
 47.5  93.5
 48.0  93.5
 48.5  93.5
 49.0  93.5
 49.5  93.5
 50.0  93.5
 50.5  93.5
 51.0  93.5
 51.5  93.5
 52.0  93.5
 20.5  94.0
 21.0  94.0
 21.5  94.0
 22.0  94.0
 22.5  94.0
 23.0  94.0
 23.5  94.0
 24.0  94.0
 24.5  94.0
 25.0  94.0
 25.5  94.0
 26.0  94.0
 26.5  94.0
 27.0  94.0
 27.5  94.0
 28.0  94.0
 28.5  94.0
 29.0  94.0
 29.5  94.0
 30.0  94.0
 30.5  94.0
 31.0  94.0
 31.5  94.0
 32.0  94.0
 32.5  94.0
 33.0  94.0
 33.5  94.0
 34.0  94.0
 34.5  94.0
 35.0  94.0
 35.5  94.0
 36.0  94.0
 36.5  94.0
 37.0  94.0
 37.5  94.0
 38.0  94.0
 38.5  94.0
 39.0  94.0
 39.5  94.0
 40.0  94.0
 40.5  94.0
 41.0  94.0
 41.5  94.0
 42.0  94.0
 42.5  94.0
 43.0  94.0
 43.5  94.0
 44.0  94.0
 44.5  94.0
 45.0  94.0
 45.5  94.0
 46.0  94.0
 46.5  94.0
 47.0  94.0
 47.5  94.0
 48.0  94.0
 48.5  94.0
 49.0  94.0
 49.5  94.0
 50.0  94.0
 50.5  94.0
 51.0  94.0
 51.5  94.0
 52.0  94.0
 20.5  94.5
 21.0  94.5
 21.5  94.5
 22.0  94.5
 22.5  94.5
 23.0  94.5
 23.5  94.5
 24.0  94.5
 24.5  94.5
 25.0  94.5
 25.5  94.5
 26.0  94.5
 26.5  94.5
 27.0  94.5
 27.5  94.5
 28.0  94.5
 28.5  94.5
 29.0  94.5
 29.5  94.5
 30.0  94.5
 30.5  94.5
 31.0  94.5
 31.5  94.5
 32.0  94.5
 32.5  94.5
 33.0  94.5
 33.5  94.5
 34.0  94.5
 34.5  94.5
 35.0  94.5
 35.5  94.5
 36.0  94.5
 36.5  94.5
 37.0  94.5
 37.5  94.5
 38.0  94.5
 38.5  94.5
 39.0  94.5
 39.5  94.5
 40.0  94.5
 40.5  94.5
 41.0  94.5
 41.5  94.5
 42.0  94.5
 42.5  94.5
 43.0  94.5
 43.5  94.5
 44.0  94.5
 44.5  94.5
 45.0  94.5
 45.5  94.5
 46.0  94.5
 46.5  94.5
 47.0  94.5
 47.5  94.5
 48.0  94.5
 48.5  94.5
 49.0  94.5
 49.5  94.5
 50.0  94.5
 50.5  94.5
 51.0  94.5
 51.5  94.5
 52.0  94.5
 20.5  95.0
 21.0  95.0
 21.5  95.0
 22.0  95.0
 22.5  95.0
 23.0  95.0
 23.5  95.0
 24.0  95.0
 24.5  95.0
 25.0  95.0
 25.5  95.0
 26.0  95.0
 26.5  95.0
 27.0  95.0
 27.5  95.0
 28.0  95.0
 28.5  95.0
 29.0  95.0
 29.5  95.0
 30.0  95.0
 30.5  95.0
 31.0  95.0
 31.5  95.0
 32.0  95.0
 32.5  95.0
 33.0  95.0
 33.5  95.0
 34.0  95.0
 34.5  95.0
 35.0  95.0
 35.5  95.0
 36.0  95.0
 36.5  95.0
 37.0  95.0
 37.5  95.0
 38.0  95.0
 38.5  95.0
 39.0  95.0
 39.5  95.0
 40.0  95.0
 40.5  95.0
 41.0  95.0
 41.5  95.0
 42.0  95.0
 42.5  95.0
 43.0  95.0
 43.5  95.0
 44.0  95.0
 44.5  95.0
 45.0  95.0
 45.5  95.0
 46.0  95.0
 46.5  95.0
 47.0  95.0
 47.5  95.0
 48.0  95.0
 48.5  95.0
 49.0  95.0
 49.5  95.0
 50.0  95.0
 50.5  95.0
 51.0  95.0
 51.5  95.0
 52.0  95.0
 20.5  95.5
 21.0  95.5
 21.5  95.5
 22.0  95.5
 22.5  95.5
 23.0  95.5
 23.5  95.5
 24.0  95.5
 24.5  95.5
 25.0  95.5
 25.5  95.5
 26.0  95.5
 26.5  95.5
 27.0  95.5
 27.5  95.5
 28.0  95.5
 28.5  95.5
 29.0  95.5
 29.5  95.5
 30.0  95.5
 30.5  95.5
 31.0  95.5
 31.5  95.5
 32.0  95.5
 32.5  95.5
 33.0  95.5
 33.5  95.5
 34.0  95.5
 34.5  95.5
 35.0  95.5
 35.5  95.5
 36.0  95.5
 36.5  95.5
 37.0  95.5
 37.5  95.5
 38.0  95.5
 38.5  95.5
 39.0  95.5
 39.5  95.5
 40.0  95.5
 40.5  95.5
 41.0  95.5
 41.5  95.5
 42.0  95.5
 42.5  95.5
 43.0  95.5
 43.5  95.5
 44.0  95.5
 44.5  95.5
 45.0  95.5
 45.5  95.5
 46.0  95.5
 46.5  95.5
 47.0  95.5
 47.5  95.5
 48.0  95.5
 48.5  95.5
 49.0  95.5
 49.5  95.5
 50.0  95.5
 50.5  95.5
 51.0  95.5
 51.5  95.5
 52.0  95.5
 20.5  96.0
 21.0  96.0
 21.5  96.0
 22.0  96.0
 22.5  96.0
 23.0  96.0
 23.5  96.0
 24.0  96.0
 24.5  96.0
 25.0  96.0
 25.5  96.0
 26.0  96.0
 26.5  96.0
 27.0  96.0
 27.5  96.0
 28.0  96.0
 28.5  96.0
 29.0  96.0
 29.5  96.0
 30.0  96.0
 30.5  96.0
 31.0  96.0
 31.5  96.0
 32.0  96.0
 32.5  96.0
 33.0  96.0
 33.5  96.0
 34.0  96.0
 34.5  96.0
 35.0  96.0
 35.5  96.0
 36.0  96.0
 36.5  96.0
 37.0  96.0
 37.5  96.0
 38.0  96.0
 38.5  96.0
 39.0  96.0
 39.5  96.0
 40.0  96.0
 40.5  96.0
 41.0  96.0
 41.5  96.0
 42.0  96.0
 42.5  96.0
 43.0  96.0
 43.5  96.0
 44.0  96.0
 44.5  96.0
 45.0  96.0
 45.5  96.0
 46.0  96.0
 46.5  96.0
 47.0  96.0
 47.5  96.0
 48.0  96.0
 48.5  96.0
 49.0  96.0
 49.5  96.0
 50.0  96.0
 50.5  96.0
 51.0  96.0
 51.5  96.0
 52.0  96.0
 20.5  96.5
 21.0  96.5
 21.5  96.5
 22.0  96.5
 22.5  96.5
 23.0  96.5
 23.5  96.5
 24.0  96.5
 24.5  96.5
 25.0  96.5
 25.5  96.5
 26.0  96.5
 26.5  96.5
 27.0  96.5
 27.5  96.5
 28.0  96.5
 28.5  96.5
 29.0  96.5
 29.5  96.5
 30.0  96.5
 30.5  96.5
 31.0  96.5
 31.5  96.5
 32.0  96.5
 32.5  96.5
 33.0  96.5
 33.5  96.5
 34.0  96.5
 34.5  96.5
 35.0  96.5
 35.5  96.5
 36.0  96.5
 36.5  96.5
 37.0  96.5
 37.5  96.5
 38.0  96.5
 38.5  96.5
 39.0  96.5
 39.5  96.5
 40.0  96.5
 40.5  96.5
 41.0  96.5
 41.5  96.5
 42.0  96.5
 42.5  96.5
 43.0  96.5
 43.5  96.5
 44.0  96.5
 44.5  96.5
 45.0  96.5
 45.5  96.5
 46.0  96.5
 46.5  96.5
 47.0  96.5
 47.5  96.5
 48.0  96.5
 48.5  96.5
 49.0  96.5
 49.5  96.5
 50.0  96.5
 50.5  96.5
 51.0  96.5
 51.5  96.5
 52.0  96.5
 20.5  97.0
 21.0  97.0
 21.5  97.0
 22.0  97.0
 22.5  97.0
 23.0  97.0
 23.5  97.0
 24.0  97.0
 24.5  97.0
 25.0  97.0
 25.5  97.0
 26.0  97.0
 26.5  97.0
 27.0  97.0
 27.5  97.0
 28.0  97.0
 28.5  97.0
 29.0  97.0
 29.5  97.0
 30.0  97.0
 30.5  97.0
 31.0  97.0
 31.5  97.0
 32.0  97.0
 32.5  97.0
 33.0  97.0
 33.5  97.0
 34.0  97.0
 34.5  97.0
 35.0  97.0
 35.5  97.0
 36.0  97.0
 36.5  97.0
 37.0  97.0
 37.5  97.0
 38.0  97.0
 38.5  97.0
 39.0  97.0
 39.5  97.0
 40.0  97.0
 40.5  97.0
 41.0  97.0
 41.5  97.0
 42.0  97.0
 42.5  97.0
 43.0  97.0
 43.5  97.0
 44.0  97.0
 44.5  97.0
 45.0  97.0
 45.5  97.0
 46.0  97.0
 46.5  97.0
 47.0  97.0
 47.5  97.0
 48.0  97.0
 48.5  97.0
 49.0  97.0
 49.5  97.0
 50.0  97.0
 50.5  97.0
 51.0  97.0
 51.5  97.0
 52.0  97.0
 20.5  97.5
 21.0  97.5
 21.5  97.5
 22.0  97.5
 22.5  97.5
 23.0  97.5
 23.5  97.5
 24.0  97.5
 24.5  97.5
 25.0  97.5
 25.5  97.5
 26.0  97.5
 26.5  97.5
 27.0  97.5
 27.5  97.5
 28.0  97.5
 28.5  97.5
 29.0  97.5
 29.5  97.5
 30.0  97.5
 30.5  97.5
 31.0  97.5
 31.5  97.5
 32.0  97.5
 32.5  97.5
 33.0  97.5
 33.5  97.5
 34.0  97.5
 34.5  97.5
 35.0  97.5
 35.5  97.5
 36.0  97.5
 36.5  97.5
 37.0  97.5
 37.5  97.5
 38.0  97.5
 38.5  97.5
 39.0  97.5
 39.5  97.5
 40.0  97.5
 40.5  97.5
 41.0  97.5
 41.5  97.5
 42.0  97.5
 42.5  97.5
 43.0  97.5
 43.5  97.5
 44.0  97.5
 44.5  97.5
 45.0  97.5
 45.5  97.5
 46.0  97.5
 46.5  97.5
 47.0  97.5
 47.5  97.5
 48.0  97.5
 48.5  97.5
 49.0  97.5
 49.5  97.5
 50.0  97.5
 50.5  97.5
 51.0  97.5
 51.5  97.5
 52.0  97.5
 20.5  98.0
 21.0  98.0
 21.5  98.0
 22.0  98.0
 22.5  98.0
 23.0  98.0
 23.5  98.0
 24.0  98.0
 24.5  98.0
 25.0  98.0
 25.5  98.0
 26.0  98.0
 26.5  98.0
 27.0  98.0
 27.5  98.0
 28.0  98.0
 28.5  98.0
 29.0  98.0
 29.5  98.0
 30.0  98.0
 30.5  98.0
 31.0  98.0
 31.5  98.0
 32.0  98.0
 32.5  98.0
 33.0  98.0
 33.5  98.0
 34.0  98.0
 34.5  98.0
 35.0  98.0
 35.5  98.0
 36.0  98.0
 36.5  98.0
 37.0  98.0
 37.5  98.0
 38.0  98.0
 38.5  98.0
 39.0  98.0
 39.5  98.0
 40.0  98.0
 40.5  98.0
 41.0  98.0
 41.5  98.0
 42.0  98.0
 42.5  98.0
 43.0  98.0
 43.5  98.0
 44.0  98.0
 44.5  98.0
 45.0  98.0
 45.5  98.0
 46.0  98.0
 46.5  98.0
 47.0  98.0
 47.5  98.0
 48.0  98.0
 48.5  98.0
 49.0  98.0
 49.5  98.0
 50.0  98.0
 50.5  98.0
 51.0  98.0
 51.5  98.0
 52.0  98.0
 20.5  98.5
 21.0  98.5
 21.5  98.5
 22.0  98.5
 22.5  98.5
 23.0  98.5
 23.5  98.5
 24.0  98.5
 24.5  98.5
 25.0  98.5
 25.5  98.5
 26.0  98.5
 26.5  98.5
 27.0  98.5
 27.5  98.5
 28.0  98.5
 28.5  98.5
 29.0  98.5
 29.5  98.5
 30.0  98.5
 30.5  98.5
 31.0  98.5
 31.5  98.5
 32.0  98.5
 32.5  98.5
 33.0  98.5
 33.5  98.5
 34.0  98.5
 34.5  98.5
 35.0  98.5
 35.5  98.5
 36.0  98.5
 36.5  98.5
 37.0  98.5
 37.5  98.5
 38.0  98.5
 38.5  98.5
 39.0  98.5
 39.5  98.5
 40.0  98.5
 40.5  98.5
 41.0  98.5
 41.5  98.5
 42.0  98.5
 42.5  98.5
 43.0  98.5
 43.5  98.5
 44.0  98.5
 44.5  98.5
 45.0  98.5
 45.5  98.5
 46.0  98.5
 46.5  98.5
 47.0  98.5
 47.5  98.5
 48.0  98.5
 48.5  98.5
 49.0  98.5
 49.5  98.5
 50.0  98.5
 50.5  98.5
 51.0  98.5
 51.5  98.5
 52.0  98.5
 20.5  99.0
 21.0  99.0
 21.5  99.0
 22.0  99.0
 22.5  99.0
 23.0  99.0
 23.5  99.0
 24.0  99.0
 24.5  99.0
 25.0  99.0
 25.5  99.0
 26.0  99.0
 26.5  99.0
 27.0  99.0
 27.5  99.0
 28.0  99.0
 28.5  99.0
 29.0  99.0
 29.5  99.0
 30.0  99.0
 30.5  99.0
 31.0  99.0
 31.5  99.0
 32.0  99.0
 32.5  99.0
 33.0  99.0
 33.5  99.0
 34.0  99.0
 34.5  99.0
 35.0  99.0
 35.5  99.0
 36.0  99.0
 36.5  99.0
 37.0  99.0
 37.5  99.0
 38.0  99.0
 38.5  99.0
 39.0  99.0
 39.5  99.0
 40.0  99.0
 40.5  99.0
 41.0  99.0
 41.5  99.0
 42.0  99.0
 42.5  99.0
 43.0  99.0
 43.5  99.0
 44.0  99.0
 44.5  99.0
 45.0  99.0
 45.5  99.0
 46.0  99.0
 46.5  99.0
 47.0  99.0
 47.5  99.0
 48.0  99.0
 48.5  99.0
 49.0  99.0
 49.5  99.0
 50.0  99.0
 50.5  99.0
 51.0  99.0
 51.5  99.0
 52.0  99.0
 20.5  99.5
 21.0  99.5
 21.5  99.5
 22.0  99.5
 22.5  99.5
 23.0  99.5
 23.5  99.5
 24.0  99.5
 24.5  99.5
 25.0  99.5
 25.5  99.5
 26.0  99.5
 26.5  99.5
 27.0  99.5
 27.5  99.5
 28.0  99.5
 28.5  99.5
 29.0  99.5
 29.5  99.5
 30.0  99.5
 30.5  99.5
 31.0  99.5
 31.5  99.5
 32.0  99.5
 32.5  99.5
 33.0  99.5
 33.5  99.5
 34.0  99.5
 34.5  99.5
 35.0  99.5
 35.5  99.5
 36.0  99.5
 36.5  99.5
 37.0  99.5
 37.5  99.5
 38.0  99.5
 38.5  99.5
 39.0  99.5
 39.5  99.5
 40.0  99.5
 40.5  99.5
 41.0  99.5
 41.5  99.5
 42.0  99.5
 42.5  99.5
 43.0  99.5
 43.5  99.5
 44.0  99.5
 44.5  99.5
 45.0  99.5
 45.5  99.5
 46.0  99.5
 46.5  99.5
 47.0  99.5
 47.5  99.5
 48.0  99.5
 48.5  99.5
 49.0  99.5
 49.5  99.5
 50.0  99.5
 50.5  99.5
 51.0  99.5
 51.5  99.5
 52.0  99.5
 20.5 100.0
 21.0 100.0
 21.5 100.0
 22.0 100.0
 22.5 100.0
 23.0 100.0
 23.5 100.0
 24.0 100.0
 24.5 100.0
 25.0 100.0
 25.5 100.0
 26.0 100.0
 26.5 100.0
 27.0 100.0
 27.5 100.0
 28.0 100.0
 28.5 100.0
 29.0 100.0
 29.5 100.0
 30.0 100.0
 30.5 100.0
 31.0 100.0
 31.5 100.0
 32.0 100.0
 32.5 100.0
 33.0 100.0
 33.5 100.0
 34.0 100.0
 34.5 100.0
 35.0 100.0
 35.5 100.0
 36.0 100.0
 36.5 100.0
 37.0 100.0
 37.5 100.0
 38.0 100.0
 38.5 100.0
 39.0 100.0
 39.5 100.0
 40.0 100.0
 40.5 100.0
 41.0 100.0
 41.5 100.0
 42.0 100.0
 42.5 100.0
 43.0 100.0
 43.5 100.0
 44.0 100.0
 44.5 100.0
 45.0 100.0
 45.5 100.0
 46.0 100.0
 46.5 100.0
 47.0 100.0
 47.5 100.0
 48.0 100.0
 48.5 100.0
 49.0 100.0
 49.5 100.0
 50.0 100.0
 50.5 100.0
 51.0 100.0
 51.5 100.0
 52.0 100.0
 20.5 100.5
 21.0 100.5
 21.5 100.5
 22.0 100.5
 22.5 100.5
 23.0 100.5
 23.5 100.5
 24.0 100.5
 24.5 100.5
 25.0 100.5
 25.5 100.5
 26.0 100.5
 26.5 100.5
 27.0 100.5
 27.5 100.5
 28.0 100.5
 28.5 100.5
 29.0 100.5
 29.5 100.5
 30.0 100.5
 30.5 100.5
 31.0 100.5
 31.5 100.5
 32.0 100.5
 32.5 100.5
 33.0 100.5
 33.5 100.5
 34.0 100.5
 34.5 100.5
 35.0 100.5
 35.5 100.5
 36.0 100.5
 36.5 100.5
 37.0 100.5
 37.5 100.5
 38.0 100.5
 38.5 100.5
 39.0 100.5
 39.5 100.5
 40.0 100.5
 40.5 100.5
 41.0 100.5
 41.5 100.5
 42.0 100.5
 42.5 100.5
 43.0 100.5
 43.5 100.5
 44.0 100.5
 44.5 100.5
 45.0 100.5
 45.5 100.5
 46.0 100.5
 46.5 100.5
 47.0 100.5
 47.5 100.5
 48.0 100.5
 48.5 100.5
 49.0 100.5
 49.5 100.5
 50.0 100.5
 50.5 100.5
 51.0 100.5
 51.5 100.5
 52.0 100.5
 20.5 101.0
 21.0 101.0
 21.5 101.0
 22.0 101.0
 22.5 101.0
 23.0 101.0
 23.5 101.0
 24.0 101.0
 24.5 101.0
 25.0 101.0
 25.5 101.0
 26.0 101.0
 26.5 101.0
 27.0 101.0
 27.5 101.0
 28.0 101.0
 28.5 101.0
 29.0 101.0
 29.5 101.0
 30.0 101.0
 30.5 101.0
 31.0 101.0
 31.5 101.0
 32.0 101.0
 32.5 101.0
 33.0 101.0
 33.5 101.0
 34.0 101.0
 34.5 101.0
 35.0 101.0
 35.5 101.0
 36.0 101.0
 36.5 101.0
 37.0 101.0
 37.5 101.0
 38.0 101.0
 38.5 101.0
 39.0 101.0
 39.5 101.0
 40.0 101.0
 40.5 101.0
 41.0 101.0
 41.5 101.0
 42.0 101.0
 42.5 101.0
 43.0 101.0
 43.5 101.0
 44.0 101.0
 44.5 101.0
 45.0 101.0
 45.5 101.0
 46.0 101.0
 46.5 101.0
 47.0 101.0
 47.5 101.0
 48.0 101.0
 48.5 101.0
 49.0 101.0
 49.5 101.0
 50.0 101.0
 50.5 101.0
 51.0 101.0
 51.5 101.0
 52.0 101.0
 20.5 101.5
 21.0 101.5
 21.5 101.5
 22.0 101.5
 22.5 101.5
 23.0 101.5
 23.5 101.5
 24.0 101.5
 24.5 101.5
 25.0 101.5
 25.5 101.5
 26.0 101.5
 26.5 101.5
 27.0 101.5
 27.5 101.5
 28.0 101.5
 28.5 101.5
 29.0 101.5
 29.5 101.5
 30.0 101.5
 30.5 101.5
 31.0 101.5
 31.5 101.5
 32.0 101.5
 32.5 101.5
 33.0 101.5
 33.5 101.5
 34.0 101.5
 34.5 101.5
 35.0 101.5
 35.5 101.5
 36.0 101.5
 36.5 101.5
 37.0 101.5
 37.5 101.5
 38.0 101.5
 38.5 101.5
 39.0 101.5
 39.5 101.5
 40.0 101.5
 40.5 101.5
 41.0 101.5
 41.5 101.5
 42.0 101.5
 42.5 101.5
 43.0 101.5
 43.5 101.5
 44.0 101.5
 44.5 101.5
 45.0 101.5
 45.5 101.5
 46.0 101.5
 46.5 101.5
 47.0 101.5
 47.5 101.5
 48.0 101.5
 48.5 101.5
 49.0 101.5
 49.5 101.5
 50.0 101.5
 50.5 101.5
 51.0 101.5
 51.5 101.5
 52.0 101.5
 20.5 102.0
 21.0 102.0
 21.5 102.0
 22.0 102.0
 22.5 102.0
 23.0 102.0
 23.5 102.0
 24.0 102.0
 24.5 102.0
 25.0 102.0
 25.5 102.0
 26.0 102.0
 26.5 102.0
 27.0 102.0
 27.5 102.0
 28.0 102.0
 28.5 102.0
 29.0 102.0
 29.5 102.0
 30.0 102.0
 30.5 102.0
 31.0 102.0
 31.5 102.0
 32.0 102.0
 32.5 102.0
 33.0 102.0
 33.5 102.0
 34.0 102.0
 34.5 102.0
 35.0 102.0
 35.5 102.0
 36.0 102.0
 36.5 102.0
 37.0 102.0
 37.5 102.0
 38.0 102.0
 38.5 102.0
 39.0 102.0
 39.5 102.0
 40.0 102.0
 40.5 102.0
 41.0 102.0
 41.5 102.0
 42.0 102.0
 42.5 102.0
 43.0 102.0
 43.5 102.0
 44.0 102.0
 44.5 102.0
 45.0 102.0
 45.5 102.0
 46.0 102.0
 46.5 102.0
 47.0 102.0
 47.5 102.0
 48.0 102.0
 48.5 102.0
 49.0 102.0
 49.5 102.0
 50.0 102.0
 50.5 102.0
 51.0 102.0
 51.5 102.0
 52.0 102.0
 20.5 102.5
 21.0 102.5
 21.5 102.5
 22.0 102.5
 22.5 102.5
 23.0 102.5
 23.5 102.5
 24.0 102.5
 24.5 102.5
 25.0 102.5
 25.5 102.5
 26.0 102.5
 26.5 102.5
 27.0 102.5
 27.5 102.5
 28.0 102.5
 28.5 102.5
 29.0 102.5
 29.5 102.5
 30.0 102.5
 30.5 102.5
 31.0 102.5
 31.5 102.5
 32.0 102.5
 32.5 102.5
 33.0 102.5
 33.5 102.5
 34.0 102.5
 34.5 102.5
 35.0 102.5
 35.5 102.5
 36.0 102.5
 36.5 102.5
 37.0 102.5
 37.5 102.5
 38.0 102.5
 38.5 102.5
 39.0 102.5
 39.5 102.5
 40.0 102.5
 40.5 102.5
 41.0 102.5
 41.5 102.5
 42.0 102.5
 42.5 102.5
 43.0 102.5
 43.5 102.5
 44.0 102.5
 44.5 102.5
 45.0 102.5
 45.5 102.5
 46.0 102.5
 46.5 102.5
 47.0 102.5
 47.5 102.5
 48.0 102.5
 48.5 102.5
 49.0 102.5
 49.5 102.5
 50.0 102.5
 50.5 102.5
 51.0 102.5
 51.5 102.5
 52.0 102.5
 20.5 103.0
 21.0 103.0
 21.5 103.0
 22.0 103.0
 22.5 103.0
 23.0 103.0
 23.5 103.0
 24.0 103.0
 24.5 103.0
 25.0 103.0
 25.5 103.0
 26.0 103.0
 26.5 103.0
 27.0 103.0
 27.5 103.0
 28.0 103.0
 28.5 103.0
 29.0 103.0
 29.5 103.0
 30.0 103.0
 30.5 103.0
 31.0 103.0
 31.5 103.0
 32.0 103.0
 32.5 103.0
 33.0 103.0
 33.5 103.0
 34.0 103.0
 34.5 103.0
 35.0 103.0
 35.5 103.0
 36.0 103.0
 36.5 103.0
 37.0 103.0
 37.5 103.0
 38.0 103.0
 38.5 103.0
 39.0 103.0
 39.5 103.0
 40.0 103.0
 40.5 103.0
 41.0 103.0
 41.5 103.0
 42.0 103.0
 42.5 103.0
 43.0 103.0
 43.5 103.0
 44.0 103.0
 44.5 103.0
 45.0 103.0
 45.5 103.0
 46.0 103.0
 46.5 103.0
 47.0 103.0
 47.5 103.0
 48.0 103.0
 48.5 103.0
 49.0 103.0
 49.5 103.0
 50.0 103.0
 50.5 103.0
 51.0 103.0
 51.5 103.0
 52.0 103.0
 20.5 103.5
 21.0 103.5
 21.5 103.5
 22.0 103.5
 22.5 103.5
 23.0 103.5
 23.5 103.5
 24.0 103.5
 24.5 103.5
 25.0 103.5
 25.5 103.5
 26.0 103.5
 26.5 103.5
 27.0 103.5
 27.5 103.5
 28.0 103.5
 28.5 103.5
 29.0 103.5
 29.5 103.5
 30.0 103.5
 30.5 103.5
 31.0 103.5
 31.5 103.5
 32.0 103.5
 32.5 103.5
 33.0 103.5
 33.5 103.5
 34.0 103.5
 34.5 103.5
 35.0 103.5
 35.5 103.5
 36.0 103.5
 36.5 103.5
 37.0 103.5
 37.5 103.5
 38.0 103.5
 38.5 103.5
 39.0 103.5
 39.5 103.5
 40.0 103.5
 40.5 103.5
 41.0 103.5
 41.5 103.5
 42.0 103.5
 42.5 103.5
 43.0 103.5
 43.5 103.5
 44.0 103.5
 44.5 103.5
 45.0 103.5
 45.5 103.5
 46.0 103.5
 46.5 103.5
 47.0 103.5
 47.5 103.5
 48.0 103.5
 48.5 103.5
 49.0 103.5
 49.5 103.5
 50.0 103.5
 50.5 103.5
 51.0 103.5
 51.5 103.5
 52.0 103.5
 20.5 104.0
 21.0 104.0
 21.5 104.0
 22.0 104.0
 22.5 104.0
 23.0 104.0
 23.5 104.0
 24.0 104.0
 24.5 104.0
 25.0 104.0
 25.5 104.0
 26.0 104.0
 26.5 104.0
 27.0 104.0
 27.5 104.0
 28.0 104.0
 28.5 104.0
 29.0 104.0
 29.5 104.0
 30.0 104.0
 30.5 104.0
 31.0 104.0
 31.5 104.0
 32.0 104.0
 32.5 104.0
 33.0 104.0
 33.5 104.0
 34.0 104.0
 34.5 104.0
 35.0 104.0
 35.5 104.0
 36.0 104.0
 36.5 104.0
 37.0 104.0
 37.5 104.0
 38.0 104.0
 38.5 104.0
 39.0 104.0
 39.5 104.0
 40.0 104.0
 40.5 104.0
 41.0 104.0
 41.5 104.0
 42.0 104.0
 42.5 104.0
 43.0 104.0
 43.5 104.0
 44.0 104.0
 44.5 104.0
 45.0 104.0
 45.5 104.0
 46.0 104.0
 46.5 104.0
 47.0 104.0
 47.5 104.0
 48.0 104.0
 48.5 104.0
 49.0 104.0
 49.5 104.0
 50.0 104.0
 50.5 104.0
 51.0 104.0
 51.5 104.0
 52.0 104.0
 20.5 104.5
 21.0 104.5
 21.5 104.5
 22.0 104.5
 22.5 104.5
 23.0 104.5
 23.5 104.5
 24.0 104.5
 24.5 104.5
 25.0 104.5
 25.5 104.5
 26.0 104.5
 26.5 104.5
 27.0 104.5
 27.5 104.5
 28.0 104.5
 28.5 104.5
 29.0 104.5
 29.5 104.5
 30.0 104.5
 30.5 104.5
 31.0 104.5
 31.5 104.5
 32.0 104.5
 32.5 104.5
 33.0 104.5
 33.5 104.5
 34.0 104.5
 34.5 104.5
 35.0 104.5
 35.5 104.5
 36.0 104.5
 36.5 104.5
 37.0 104.5
 37.5 104.5
 38.0 104.5
 38.5 104.5
 39.0 104.5
 39.5 104.5
 40.0 104.5
 40.5 104.5
 41.0 104.5
 41.5 104.5
 42.0 104.5
 42.5 104.5
 43.0 104.5
 43.5 104.5
 44.0 104.5
 44.5 104.5
 45.0 104.5
 45.5 104.5
 46.0 104.5
 46.5 104.5
 47.0 104.5
 47.5 104.5
 48.0 104.5
 48.5 104.5
 49.0 104.5
 49.5 104.5
 50.0 104.5
 50.5 104.5
 51.0 104.5
 51.5 104.5
 52.0 104.5
 20.5 105.0
 21.0 105.0
 21.5 105.0
 22.0 105.0
 22.5 105.0
 23.0 105.0
 23.5 105.0
 24.0 105.0
 24.5 105.0
 25.0 105.0
 25.5 105.0
 26.0 105.0
 26.5 105.0
 27.0 105.0
 27.5 105.0
 28.0 105.0
 28.5 105.0
 29.0 105.0
 29.5 105.0
 30.0 105.0
 30.5 105.0
 31.0 105.0
 31.5 105.0
 32.0 105.0
 32.5 105.0
 33.0 105.0
 33.5 105.0
 34.0 105.0
 34.5 105.0
 35.0 105.0
 35.5 105.0
 36.0 105.0
 36.5 105.0
 37.0 105.0
 37.5 105.0
 38.0 105.0
 38.5 105.0
 39.0 105.0
 39.5 105.0
 40.0 105.0
 40.5 105.0
 41.0 105.0
 41.5 105.0
 42.0 105.0
 42.5 105.0
 43.0 105.0
 43.5 105.0
 44.0 105.0
 44.5 105.0
 45.0 105.0
 45.5 105.0
 46.0 105.0
 46.5 105.0
 47.0 105.0
 47.5 105.0
 48.0 105.0
 48.5 105.0
 49.0 105.0
 49.5 105.0
 50.0 105.0
 50.5 105.0
 51.0 105.0
 51.5 105.0
 52.0 105.0
 20.5 105.5
 21.0 105.5
 21.5 105.5
 22.0 105.5
 22.5 105.5
 23.0 105.5
 23.5 105.5
 24.0 105.5
 24.5 105.5
 25.0 105.5
 25.5 105.5
 26.0 105.5
 26.5 105.5
 27.0 105.5
 27.5 105.5
 28.0 105.5
 28.5 105.5
 29.0 105.5
 29.5 105.5
 30.0 105.5
 30.5 105.5
 31.0 105.5
 31.5 105.5
 32.0 105.5
 32.5 105.5
 33.0 105.5
 33.5 105.5
 34.0 105.5
 34.5 105.5
 35.0 105.5
 35.5 105.5
 36.0 105.5
 36.5 105.5
 37.0 105.5
 37.5 105.5
 38.0 105.5
 38.5 105.5
 39.0 105.5
 39.5 105.5
 40.0 105.5
 40.5 105.5
 41.0 105.5
 41.5 105.5
 42.0 105.5
 42.5 105.5
 43.0 105.5
 43.5 105.5
 44.0 105.5
 44.5 105.5
 45.0 105.5
 45.5 105.5
 46.0 105.5
 46.5 105.5
 47.0 105.5
 47.5 105.5
 48.0 105.5
 48.5 105.5
 49.0 105.5
 49.5 105.5
 50.0 105.5
 50.5 105.5
 51.0 105.5
 51.5 105.5
 52.0 105.5
 20.5 106.0
 21.0 106.0
 21.5 106.0
 22.0 106.0
 22.5 106.0
 23.0 106.0
 23.5 106.0
 24.0 106.0
 24.5 106.0
 25.0 106.0
 25.5 106.0
 26.0 106.0
 26.5 106.0
 27.0 106.0
 27.5 106.0
 28.0 106.0
 28.5 106.0
 29.0 106.0
 29.5 106.0
 30.0 106.0
 30.5 106.0
 31.0 106.0
 31.5 106.0
 32.0 106.0
 32.5 106.0
 33.0 106.0
 33.5 106.0
 34.0 106.0
 34.5 106.0
 35.0 106.0
 35.5 106.0
 36.0 106.0
 36.5 106.0
 37.0 106.0
 37.5 106.0
 38.0 106.0
 38.5 106.0
 39.0 106.0
 39.5 106.0
 40.0 106.0
 40.5 106.0
 41.0 106.0
 41.5 106.0
 42.0 106.0
 42.5 106.0
 43.0 106.0
 43.5 106.0
 44.0 106.0
 44.5 106.0
 45.0 106.0
 45.5 106.0
 46.0 106.0
 46.5 106.0
 47.0 106.0
 47.5 106.0
 48.0 106.0
 48.5 106.0
 49.0 106.0
 49.5 106.0
 50.0 106.0
 50.5 106.0
 51.0 106.0
 51.5 106.0
 52.0 106.0
 20.5 106.5
 21.0 106.5
 21.5 106.5
 22.0 106.5
 22.5 106.5
 23.0 106.5
 23.5 106.5
 24.0 106.5
 24.5 106.5
 25.0 106.5
 25.5 106.5
 26.0 106.5
 26.5 106.5
 27.0 106.5
 27.5 106.5
 28.0 106.5
 28.5 106.5
 29.0 106.5
 29.5 106.5
 30.0 106.5
 30.5 106.5
 31.0 106.5
 31.5 106.5
 32.0 106.5
 32.5 106.5
 33.0 106.5
 33.5 106.5
 34.0 106.5
 34.5 106.5
 35.0 106.5
 35.5 106.5
 36.0 106.5
 36.5 106.5
 37.0 106.5
 37.5 106.5
 38.0 106.5
 38.5 106.5
 39.0 106.5
 39.5 106.5
 40.0 106.5
 40.5 106.5
 41.0 106.5
 41.5 106.5
 42.0 106.5
 42.5 106.5
 43.0 106.5
 43.5 106.5
 44.0 106.5
 44.5 106.5
 45.0 106.5
 45.5 106.5
 46.0 106.5
 46.5 106.5
 47.0 106.5
 47.5 106.5
 48.0 106.5
 48.5 106.5
 49.0 106.5
 49.5 106.5
 50.0 106.5
 50.5 106.5
 51.0 106.5
 51.5 106.5
 52.0 106.5
 20.5 107.0
 21.0 107.0
 21.5 107.0
 22.0 107.0
 22.5 107.0
 23.0 107.0
 23.5 107.0
 24.0 107.0
 24.5 107.0
 25.0 107.0
 25.5 107.0
 26.0 107.0
 26.5 107.0
 27.0 107.0
 27.5 107.0
 28.0 107.0
 28.5 107.0
 29.0 107.0
 29.5 107.0
 30.0 107.0
 30.5 107.0
 31.0 107.0
 31.5 107.0
 32.0 107.0
 32.5 107.0
 33.0 107.0
 33.5 107.0
 34.0 107.0
 34.5 107.0
 35.0 107.0
 35.5 107.0
 36.0 107.0
 36.5 107.0
 37.0 107.0
 37.5 107.0
 38.0 107.0
 38.5 107.0
 39.0 107.0
 39.5 107.0
 40.0 107.0
 40.5 107.0
 41.0 107.0
 41.5 107.0
 42.0 107.0
 42.5 107.0
 43.0 107.0
 43.5 107.0
 44.0 107.0
 44.5 107.0
 45.0 107.0
 45.5 107.0
 46.0 107.0
 46.5 107.0
 47.0 107.0
 47.5 107.0
 48.0 107.0
 48.5 107.0
 49.0 107.0
 49.5 107.0
 50.0 107.0
 50.5 107.0
 51.0 107.0
 51.5 107.0
 52.0 107.0
 20.5 107.5
 21.0 107.5
 21.5 107.5
 22.0 107.5
 22.5 107.5
 23.0 107.5
 23.5 107.5
 24.0 107.5
 24.5 107.5
 25.0 107.5
 25.5 107.5
 26.0 107.5
 26.5 107.5
 27.0 107.5
 27.5 107.5
 28.0 107.5
 28.5 107.5
 29.0 107.5
 29.5 107.5
 30.0 107.5
 30.5 107.5
 31.0 107.5
 31.5 107.5
 32.0 107.5
 32.5 107.5
 33.0 107.5
 33.5 107.5
 34.0 107.5
 34.5 107.5
 35.0 107.5
 35.5 107.5
 36.0 107.5
 36.5 107.5
 37.0 107.5
 37.5 107.5
 38.0 107.5
 38.5 107.5
 39.0 107.5
 39.5 107.5
 40.0 107.5
 40.5 107.5
 41.0 107.5
 41.5 107.5
 42.0 107.5
 42.5 107.5
 43.0 107.5
 43.5 107.5
 44.0 107.5
 44.5 107.5
 45.0 107.5
 45.5 107.5
 46.0 107.5
 46.5 107.5
 47.0 107.5
 47.5 107.5
 48.0 107.5
 48.5 107.5
 49.0 107.5
 49.5 107.5
 50.0 107.5
 50.5 107.5
 51.0 107.5
 51.5 107.5
 52.0 107.5
 20.5 108.0
 21.0 108.0
 21.5 108.0
 22.0 108.0
 22.5 108.0
 23.0 108.0
 23.5 108.0
 24.0 108.0
 24.5 108.0
 25.0 108.0
 25.5 108.0
 26.0 108.0
 26.5 108.0
 27.0 108.0
 27.5 108.0
 28.0 108.0
 28.5 108.0
 29.0 108.0
 29.5 108.0
 30.0 108.0
 30.5 108.0
 31.0 108.0
 31.5 108.0
 32.0 108.0
 32.5 108.0
 33.0 108.0
 33.5 108.0
 34.0 108.0
 34.5 108.0
 35.0 108.0
 35.5 108.0
 36.0 108.0
 36.5 108.0
 37.0 108.0
 37.5 108.0
 38.0 108.0
 38.5 108.0
 39.0 108.0
 39.5 108.0
 40.0 108.0
 40.5 108.0
 41.0 108.0
 41.5 108.0
 42.0 108.0
 42.5 108.0
 43.0 108.0
 43.5 108.0
 44.0 108.0
 44.5 108.0
 45.0 108.0
 45.5 108.0
 46.0 108.0
 46.5 108.0
 47.0 108.0
 47.5 108.0
 48.0 108.0
 48.5 108.0
 49.0 108.0
 49.5 108.0
 50.0 108.0
 50.5 108.0
 51.0 108.0
 51.5 108.0
 52.0 108.0
 20.5 108.5
 21.0 108.5
 21.5 108.5
 22.0 108.5
 22.5 108.5
 23.0 108.5
 23.5 108.5
 24.0 108.5
 24.5 108.5
 25.0 108.5
 25.5 108.5
 26.0 108.5
 26.5 108.5
 27.0 108.5
 27.5 108.5
 28.0 108.5
 28.5 108.5
 29.0 108.5
 29.5 108.5
 30.0 108.5
 30.5 108.5
 31.0 108.5
 31.5 108.5
 32.0 108.5
 32.5 108.5
 33.0 108.5
 33.5 108.5
 34.0 108.5
 34.5 108.5
 35.0 108.5
 35.5 108.5
 36.0 108.5
 36.5 108.5
 37.0 108.5
 37.5 108.5
 38.0 108.5
 38.5 108.5
 39.0 108.5
 39.5 108.5
 40.0 108.5
 40.5 108.5
 41.0 108.5
 41.5 108.5
 42.0 108.5
 42.5 108.5
 43.0 108.5
 43.5 108.5
 44.0 108.5
 44.5 108.5
 45.0 108.5
 45.5 108.5
 46.0 108.5
 46.5 108.5
 47.0 108.5
 47.5 108.5
 48.0 108.5
 48.5 108.5
 49.0 108.5
 49.5 108.5
 50.0 108.5
 50.5 108.5
 51.0 108.5
 51.5 108.5
 52.0 108.5
 20.5 109.0
 21.0 109.0
 21.5 109.0
 22.0 109.0
 22.5 109.0
 23.0 109.0
 23.5 109.0
 24.0 109.0
 24.5 109.0
 25.0 109.0
 25.5 109.0
 26.0 109.0
 26.5 109.0
 27.0 109.0
 27.5 109.0
 28.0 109.0
 28.5 109.0
 29.0 109.0
 29.5 109.0
 30.0 109.0
 30.5 109.0
 31.0 109.0
 31.5 109.0
 32.0 109.0
 32.5 109.0
 33.0 109.0
 33.5 109.0
 34.0 109.0
 34.5 109.0
 35.0 109.0
 35.5 109.0
 36.0 109.0
 36.5 109.0
 37.0 109.0
 37.5 109.0
 38.0 109.0
 38.5 109.0
 39.0 109.0
 39.5 109.0
 40.0 109.0
 40.5 109.0
 41.0 109.0
 41.5 109.0
 42.0 109.0
 42.5 109.0
 43.0 109.0
 43.5 109.0
 44.0 109.0
 44.5 109.0
 45.0 109.0
 45.5 109.0
 46.0 109.0
 46.5 109.0
 47.0 109.0
 47.5 109.0
 48.0 109.0
 48.5 109.0
 49.0 109.0
 49.5 109.0
 50.0 109.0
 50.5 109.0
 51.0 109.0
 51.5 109.0
 52.0 109.0
 20.5 109.5
 21.0 109.5
 21.5 109.5
 22.0 109.5
 22.5 109.5
 23.0 109.5
 23.5 109.5
 24.0 109.5
 24.5 109.5
 25.0 109.5
 25.5 109.5
 26.0 109.5
 26.5 109.5
 27.0 109.5
 27.5 109.5
 28.0 109.5
 28.5 109.5
 29.0 109.5
 29.5 109.5
 30.0 109.5
 30.5 109.5
 31.0 109.5
 31.5 109.5
 32.0 109.5
 32.5 109.5
 33.0 109.5
 33.5 109.5
 34.0 109.5
 34.5 109.5
 35.0 109.5
 35.5 109.5
 36.0 109.5
 36.5 109.5
 37.0 109.5
 37.5 109.5
 38.0 109.5
 38.5 109.5
 39.0 109.5
 39.5 109.5
 40.0 109.5
 40.5 109.5
 41.0 109.5
 41.5 109.5
 42.0 109.5
 42.5 109.5
 43.0 109.5
 43.5 109.5
 44.0 109.5
 44.5 109.5
 45.0 109.5
 45.5 109.5
 46.0 109.5
 46.5 109.5
 47.0 109.5
 47.5 109.5
 48.0 109.5
 48.5 109.5
 49.0 109.5
 49.5 109.5
 50.0 109.5
 50.5 109.5
 51.0 109.5
 51.5 109.5
 52.0 109.5
 20.5 110.0
 21.0 110.0
 21.5 110.0
 22.0 110.0
 22.5 110.0
 23.0 110.0
 23.5 110.0
 24.0 110.0
 24.5 110.0
 25.0 110.0
 25.5 110.0
 26.0 110.0
 26.5 110.0
 27.0 110.0
 27.5 110.0
 28.0 110.0
 28.5 110.0
 29.0 110.0
 29.5 110.0
 30.0 110.0
 30.5 110.0
 31.0 110.0
 31.5 110.0
 32.0 110.0
 32.5 110.0
 33.0 110.0
 33.5 110.0
 34.0 110.0
 34.5 110.0
 35.0 110.0
 35.5 110.0
 36.0 110.0
 36.5 110.0
 37.0 110.0
 37.5 110.0
 38.0 110.0
 38.5 110.0
 39.0 110.0
 39.5 110.0
 40.0 110.0
 40.5 110.0
 41.0 110.0
 41.5 110.0
 42.0 110.0
 42.5 110.0
 43.0 110.0
 43.5 110.0
 44.0 110.0
 44.5 110.0
 45.0 110.0
 45.5 110.0
 46.0 110.0
 46.5 110.0
 47.0 110.0
 47.5 110.0
 48.0 110.0
 48.5 110.0
 49.0 110.0
 49.5 110.0
 50.0 110.0
 50.5 110.0
 51.0 110.0
 51.5 110.0
 52.0 110.0
 20.5 110.5
 21.0 110.5
 21.5 110.5
 22.0 110.5
 22.5 110.5
 23.0 110.5
 23.5 110.5
 24.0 110.5
 24.5 110.5
 25.0 110.5
 25.5 110.5
 26.0 110.5
 26.5 110.5
 27.0 110.5
 27.5 110.5
 28.0 110.5
 28.5 110.5
 29.0 110.5
 29.5 110.5
 30.0 110.5
 30.5 110.5
 31.0 110.5
 31.5 110.5
 32.0 110.5
 32.5 110.5
 33.0 110.5
 33.5 110.5
 34.0 110.5
 34.5 110.5
 35.0 110.5
 35.5 110.5
 36.0 110.5
 36.5 110.5
 37.0 110.5
 37.5 110.5
 38.0 110.5
 38.5 110.5
 39.0 110.5
 39.5 110.5
 40.0 110.5
 40.5 110.5
 41.0 110.5
 41.5 110.5
 42.0 110.5
 42.5 110.5
 43.0 110.5
 43.5 110.5
 44.0 110.5
 44.5 110.5
 45.0 110.5
 45.5 110.5
 46.0 110.5
 46.5 110.5
 47.0 110.5
 47.5 110.5
 48.0 110.5
 48.5 110.5
 49.0 110.5
 49.5 110.5
 50.0 110.5
 50.5 110.5
 51.0 110.5
 51.5 110.5
 52.0 110.5
 20.5 111.0
 21.0 111.0
 21.5 111.0
 22.0 111.0
 22.5 111.0
 23.0 111.0
 23.5 111.0
 24.0 111.0
 24.5 111.0
 25.0 111.0
 25.5 111.0
 26.0 111.0
 26.5 111.0
 27.0 111.0
 27.5 111.0
 28.0 111.0
 28.5 111.0
 29.0 111.0
 29.5 111.0
 30.0 111.0
 30.5 111.0
 31.0 111.0
 31.5 111.0
 32.0 111.0
 32.5 111.0
 33.0 111.0
 33.5 111.0
 34.0 111.0
 34.5 111.0
 35.0 111.0
 35.5 111.0
 36.0 111.0
 36.5 111.0
 37.0 111.0
 37.5 111.0
 38.0 111.0
 38.5 111.0
 39.0 111.0
 39.5 111.0
 40.0 111.0
 40.5 111.0
 41.0 111.0
 41.5 111.0
 42.0 111.0
 42.5 111.0
 43.0 111.0
 43.5 111.0
 44.0 111.0
 44.5 111.0
 45.0 111.0
 45.5 111.0
 46.0 111.0
 46.5 111.0
 47.0 111.0
 47.5 111.0
 48.0 111.0
 48.5 111.0
 49.0 111.0
 49.5 111.0
 50.0 111.0
 50.5 111.0
 51.0 111.0
 51.5 111.0
 52.0 111.0
 20.5 111.5
 21.0 111.5
 21.5 111.5
 22.0 111.5
 22.5 111.5
 23.0 111.5
 23.5 111.5
 24.0 111.5
 24.5 111.5
 25.0 111.5
 25.5 111.5
 26.0 111.5
 26.5 111.5
 27.0 111.5
 27.5 111.5
 28.0 111.5
 28.5 111.5
 29.0 111.5
 29.5 111.5
 30.0 111.5
 30.5 111.5
 31.0 111.5
 31.5 111.5
 32.0 111.5
 32.5 111.5
 33.0 111.5
 33.5 111.5
 34.0 111.5
 34.5 111.5
 35.0 111.5
 35.5 111.5
 36.0 111.5
 36.5 111.5
 37.0 111.5
 37.5 111.5
 38.0 111.5
 38.5 111.5
 39.0 111.5
 39.5 111.5
 40.0 111.5
 40.5 111.5
 41.0 111.5
 41.5 111.5
 42.0 111.5
 42.5 111.5
 43.0 111.5
 43.5 111.5
 44.0 111.5
 44.5 111.5
 45.0 111.5
 45.5 111.5
 46.0 111.5
 46.5 111.5
 47.0 111.5
 47.5 111.5
 48.0 111.5
 48.5 111.5
 49.0 111.5
 49.5 111.5
 50.0 111.5
 50.5 111.5
 51.0 111.5
 51.5 111.5
 52.0 111.5
 20.5 112.0
 21.0 112.0
 21.5 112.0
 22.0 112.0
 22.5 112.0
 23.0 112.0
 23.5 112.0
 24.0 112.0
 24.5 112.0
 25.0 112.0
 25.5 112.0
 26.0 112.0
 26.5 112.0
 27.0 112.0
 27.5 112.0
 28.0 112.0
 28.5 112.0
 29.0 112.0
 29.5 112.0
 30.0 112.0
 30.5 112.0
 31.0 112.0
 31.5 112.0
 32.0 112.0
 32.5 112.0
 33.0 112.0
 33.5 112.0
 34.0 112.0
 34.5 112.0
 35.0 112.0
 35.5 112.0
 36.0 112.0
 36.5 112.0
 37.0 112.0
 37.5 112.0
 38.0 112.0
 38.5 112.0
 39.0 112.0
 39.5 112.0
 40.0 112.0
 40.5 112.0
 41.0 112.0
 41.5 112.0
 42.0 112.0
 42.5 112.0
 43.0 112.0
 43.5 112.0
 44.0 112.0
 44.5 112.0
 45.0 112.0
 45.5 112.0
 46.0 112.0
 46.5 112.0
 47.0 112.0
 47.5 112.0
 48.0 112.0
 48.5 112.0
 49.0 112.0
 49.5 112.0
 50.0 112.0
 50.5 112.0
 51.0 112.0
 51.5 112.0
 52.0 112.0
 20.5 112.5
 21.0 112.5
 21.5 112.5
 22.0 112.5
 22.5 112.5
 23.0 112.5
 23.5 112.5
 24.0 112.5
 24.5 112.5
 25.0 112.5
 25.5 112.5
 26.0 112.5
 26.5 112.5
 27.0 112.5
 27.5 112.5
 28.0 112.5
 28.5 112.5
 29.0 112.5
 29.5 112.5
 30.0 112.5
 30.5 112.5
 31.0 112.5
 31.5 112.5
 32.0 112.5
 32.5 112.5
 33.0 112.5
 33.5 112.5
 34.0 112.5
 34.5 112.5
 35.0 112.5
 35.5 112.5
 36.0 112.5
 36.5 112.5
 37.0 112.5
 37.5 112.5
 38.0 112.5
 38.5 112.5
 39.0 112.5
 39.5 112.5
 40.0 112.5
 40.5 112.5
 41.0 112.5
 41.5 112.5
 42.0 112.5
 42.5 112.5
 43.0 112.5
 43.5 112.5
 44.0 112.5
 44.5 112.5
 45.0 112.5
 45.5 112.5
 46.0 112.5
 46.5 112.5
 47.0 112.5
 47.5 112.5
 48.0 112.5
 48.5 112.5
 49.0 112.5
 49.5 112.5
 50.0 112.5
 50.5 112.5
 51.0 112.5
 51.5 112.5
 52.0 112.5
 20.5 113.0
 21.0 113.0
 21.5 113.0
 22.0 113.0
 22.5 113.0
 23.0 113.0
 23.5 113.0
 24.0 113.0
 24.5 113.0
 25.0 113.0
 25.5 113.0
 26.0 113.0
 26.5 113.0
 27.0 113.0
 27.5 113.0
 28.0 113.0
 28.5 113.0
 29.0 113.0
 29.5 113.0
 30.0 113.0
 30.5 113.0
 31.0 113.0
 31.5 113.0
 32.0 113.0
 32.5 113.0
 33.0 113.0
 33.5 113.0
 34.0 113.0
 34.5 113.0
 35.0 113.0
 35.5 113.0
 36.0 113.0
 36.5 113.0
 37.0 113.0
 37.5 113.0
 38.0 113.0
 38.5 113.0
 39.0 113.0
 39.5 113.0
 40.0 113.0
 40.5 113.0
 41.0 113.0
 41.5 113.0
 42.0 113.0
 42.5 113.0
 43.0 113.0
 43.5 113.0
 44.0 113.0
 44.5 113.0
 45.0 113.0
 45.5 113.0
 46.0 113.0
 46.5 113.0
 47.0 113.0
 47.5 113.0
 48.0 113.0
 48.5 113.0
 49.0 113.0
 49.5 113.0
 50.0 113.0
 50.5 113.0
 51.0 113.0
 51.5 113.0
 52.0 113.0
 20.5 113.5
 21.0 113.5
 21.5 113.5
 22.0 113.5
 22.5 113.5
 23.0 113.5
 23.5 113.5
 24.0 113.5
 24.5 113.5
 25.0 113.5
 25.5 113.5
 26.0 113.5
 26.5 113.5
 27.0 113.5
 27.5 113.5
 28.0 113.5
 28.5 113.5
 29.0 113.5
 29.5 113.5
 30.0 113.5
 30.5 113.5
 31.0 113.5
 31.5 113.5
 32.0 113.5
 32.5 113.5
 33.0 113.5
 33.5 113.5
 34.0 113.5
 34.5 113.5
 35.0 113.5
 35.5 113.5
 36.0 113.5
 36.5 113.5
 37.0 113.5
 37.5 113.5
 38.0 113.5
 38.5 113.5
 39.0 113.5
 39.5 113.5
 40.0 113.5
 40.5 113.5
 41.0 113.5
 41.5 113.5
 42.0 113.5
 42.5 113.5
 43.0 113.5
 43.5 113.5
 44.0 113.5
 44.5 113.5
 45.0 113.5
 45.5 113.5
 46.0 113.5
 46.5 113.5
 47.0 113.5
 47.5 113.5
 48.0 113.5
 48.5 113.5
 49.0 113.5
 49.5 113.5
 50.0 113.5
 50.5 113.5
 51.0 113.5
 51.5 113.5
 52.0 113.5
 20.5 114.0
 21.0 114.0
 21.5 114.0
 22.0 114.0
 22.5 114.0
 23.0 114.0
 23.5 114.0
 24.0 114.0
 24.5 114.0
 25.0 114.0
 25.5 114.0
 26.0 114.0
 26.5 114.0
 27.0 114.0
 27.5 114.0
 28.0 114.0
 28.5 114.0
 29.0 114.0
 29.5 114.0
 30.0 114.0
 30.5 114.0
 31.0 114.0
 31.5 114.0
 32.0 114.0
 32.5 114.0
 33.0 114.0
 33.5 114.0
 34.0 114.0
 34.5 114.0
 35.0 114.0
 35.5 114.0
 36.0 114.0
 36.5 114.0
 37.0 114.0
 37.5 114.0
 38.0 114.0
 38.5 114.0
 39.0 114.0
 39.5 114.0
 40.0 114.0
 40.5 114.0
 41.0 114.0
 41.5 114.0
 42.0 114.0
 42.5 114.0
 43.0 114.0
 43.5 114.0
 44.0 114.0
 44.5 114.0
 45.0 114.0
 45.5 114.0
 46.0 114.0
 46.5 114.0
 47.0 114.0
 47.5 114.0
 48.0 114.0
 48.5 114.0
 49.0 114.0
 49.5 114.0
 50.0 114.0
 50.5 114.0
 51.0 114.0
 51.5 114.0
 52.0 114.0
 20.5 114.5
 21.0 114.5
 21.5 114.5
 22.0 114.5
 22.5 114.5
 23.0 114.5
 23.5 114.5
 24.0 114.5
 24.5 114.5
 25.0 114.5
 25.5 114.5
 26.0 114.5
 26.5 114.5
 27.0 114.5
 27.5 114.5
 28.0 114.5
 28.5 114.5
 29.0 114.5
 29.5 114.5
 30.0 114.5
 30.5 114.5
 31.0 114.5
 31.5 114.5
 32.0 114.5
 32.5 114.5
 33.0 114.5
 33.5 114.5
 34.0 114.5
 34.5 114.5
 35.0 114.5
 35.5 114.5
 36.0 114.5
 36.5 114.5
 37.0 114.5
 37.5 114.5
 38.0 114.5
 38.5 114.5
 39.0 114.5
 39.5 114.5
 40.0 114.5
 40.5 114.5
 41.0 114.5
 41.5 114.5
 42.0 114.5
 42.5 114.5
 43.0 114.5
 43.5 114.5
 44.0 114.5
 44.5 114.5
 45.0 114.5
 45.5 114.5
 46.0 114.5
 46.5 114.5
 47.0 114.5
 47.5 114.5
 48.0 114.5
 48.5 114.5
 49.0 114.5
 49.5 114.5
 50.0 114.5
 50.5 114.5
 51.0 114.5
 51.5 114.5
 52.0 114.5
 20.5 115.0
 21.0 115.0
 21.5 115.0
 22.0 115.0
 22.5 115.0
 23.0 115.0
 23.5 115.0
 24.0 115.0
 24.5 115.0
 25.0 115.0
 25.5 115.0
 26.0 115.0
 26.5 115.0
 27.0 115.0
 27.5 115.0
 28.0 115.0
 28.5 115.0
 29.0 115.0
 29.5 115.0
 30.0 115.0
 30.5 115.0
 31.0 115.0
 31.5 115.0
 32.0 115.0
 32.5 115.0
 33.0 115.0
 33.5 115.0
 34.0 115.0
 34.5 115.0
 35.0 115.0
 35.5 115.0
 36.0 115.0
 36.5 115.0
 37.0 115.0
 37.5 115.0
 38.0 115.0
 38.5 115.0
 39.0 115.0
 39.5 115.0
 40.0 115.0
 40.5 115.0
 41.0 115.0
 41.5 115.0
 42.0 115.0
 42.5 115.0
 43.0 115.0
 43.5 115.0
 44.0 115.0
 44.5 115.0
 45.0 115.0
 45.5 115.0
 46.0 115.0
 46.5 115.0
 47.0 115.0
 47.5 115.0
 48.0 115.0
 48.5 115.0
 49.0 115.0
 49.5 115.0
 50.0 115.0
 50.5 115.0
 51.0 115.0
 51.5 115.0
 52.0 115.0
 20.5 115.5
 21.0 115.5
 21.5 115.5
 22.0 115.5
 22.5 115.5
 23.0 115.5
 23.5 115.5
 24.0 115.5
 24.5 115.5
 25.0 115.5
 25.5 115.5
 26.0 115.5
 26.5 115.5
 27.0 115.5
 27.5 115.5
 28.0 115.5
 28.5 115.5
 29.0 115.5
 29.5 115.5
 30.0 115.5
 30.5 115.5
 31.0 115.5
 31.5 115.5
 32.0 115.5
 32.5 115.5
 33.0 115.5
 33.5 115.5
 34.0 115.5
 34.5 115.5
 35.0 115.5
 35.5 115.5
 36.0 115.5
 36.5 115.5
 37.0 115.5
 37.5 115.5
 38.0 115.5
 38.5 115.5
 39.0 115.5
 39.5 115.5
 40.0 115.5
 40.5 115.5
 41.0 115.5
 41.5 115.5
 42.0 115.5
 42.5 115.5
 43.0 115.5
 43.5 115.5
 44.0 115.5
 44.5 115.5
 45.0 115.5
 45.5 115.5
 46.0 115.5
 46.5 115.5
 47.0 115.5
 47.5 115.5
 48.0 115.5
 48.5 115.5
 49.0 115.5
 49.5 115.5
 50.0 115.5
 50.5 115.5
 51.0 115.5
 51.5 115.5
 52.0 115.5
 20.5 116.0
 21.0 116.0
 21.5 116.0
 22.0 116.0
 22.5 116.0
 23.0 116.0
 23.5 116.0
 24.0 116.0
 24.5 116.0
 25.0 116.0
 25.5 116.0
 26.0 116.0
 26.5 116.0
 27.0 116.0
 27.5 116.0
 28.0 116.0
 28.5 116.0
 29.0 116.0
 29.5 116.0
 30.0 116.0
 30.5 116.0
 31.0 116.0
 31.5 116.0
 32.0 116.0
 32.5 116.0
 33.0 116.0
 33.5 116.0
 34.0 116.0
 34.5 116.0
 35.0 116.0
 35.5 116.0
 36.0 116.0
 36.5 116.0
 37.0 116.0
 37.5 116.0
 38.0 116.0
 38.5 116.0
 39.0 116.0
 39.5 116.0
 40.0 116.0
 40.5 116.0
 41.0 116.0
 41.5 116.0
 42.0 116.0
 42.5 116.0
 43.0 116.0
 43.5 116.0
 44.0 116.0
 44.5 116.0
 45.0 116.0
 45.5 116.0
 46.0 116.0
 46.5 116.0
 47.0 116.0
 47.5 116.0
 48.0 116.0
 48.5 116.0
 49.0 116.0
 49.5 116.0
 50.0 116.0
 50.5 116.0
 51.0 116.0
 51.5 116.0
 52.0 116.0
 20.5 116.5
 21.0 116.5
 21.5 116.5
 22.0 116.5
 22.5 116.5
 23.0 116.5
 23.5 116.5
 24.0 116.5
 24.5 116.5
 25.0 116.5
 25.5 116.5
 26.0 116.5
 26.5 116.5
 27.0 116.5
 27.5 116.5
 28.0 116.5
 28.5 116.5
 29.0 116.5
 29.5 116.5
 30.0 116.5
 30.5 116.5
 31.0 116.5
 31.5 116.5
 32.0 116.5
 32.5 116.5
 33.0 116.5
 33.5 116.5
 34.0 116.5
 34.5 116.5
 35.0 116.5
 35.5 116.5
 36.0 116.5
 36.5 116.5
 37.0 116.5
 37.5 116.5
 38.0 116.5
 38.5 116.5
 39.0 116.5
 39.5 116.5
 40.0 116.5
 40.5 116.5
 41.0 116.5
 41.5 116.5
 42.0 116.5
 42.5 116.5
 43.0 116.5
 43.5 116.5
 44.0 116.5
 44.5 116.5
 45.0 116.5
 45.5 116.5
 46.0 116.5
 46.5 116.5
 47.0 116.5
 47.5 116.5
 48.0 116.5
 48.5 116.5
 49.0 116.5
 49.5 116.5
 50.0 116.5
 50.5 116.5
 51.0 116.5
 51.5 116.5
 52.0 116.5
 20.5 117.0
 21.0 117.0
 21.5 117.0
 22.0 117.0
 22.5 117.0
 23.0 117.0
 23.5 117.0
 24.0 117.0
 24.5 117.0
 25.0 117.0
 25.5 117.0
 26.0 117.0
 26.5 117.0
 27.0 117.0
 27.5 117.0
 28.0 117.0
 28.5 117.0
 29.0 117.0
 29.5 117.0
 30.0 117.0
 30.5 117.0
 31.0 117.0
 31.5 117.0
 32.0 117.0
 32.5 117.0
 33.0 117.0
 33.5 117.0
 34.0 117.0
 34.5 117.0
 35.0 117.0
 35.5 117.0
 36.0 117.0
 36.5 117.0
 37.0 117.0
 37.5 117.0
 38.0 117.0
 38.5 117.0
 39.0 117.0
 39.5 117.0
 40.0 117.0
 40.5 117.0
 41.0 117.0
 41.5 117.0
 42.0 117.0
 42.5 117.0
 43.0 117.0
 43.5 117.0
 44.0 117.0
 44.5 117.0
 45.0 117.0
 45.5 117.0
 46.0 117.0
 46.5 117.0
 47.0 117.0
 47.5 117.0
 48.0 117.0
 48.5 117.0
 49.0 117.0
 49.5 117.0
 50.0 117.0
 50.5 117.0
 51.0 117.0
 51.5 117.0
 52.0 117.0
 20.5 117.5
 21.0 117.5
 21.5 117.5
 22.0 117.5
 22.5 117.5
 23.0 117.5
 23.5 117.5
 24.0 117.5
 24.5 117.5
 25.0 117.5
 25.5 117.5
 26.0 117.5
 26.5 117.5
 27.0 117.5
 27.5 117.5
 28.0 117.5
 28.5 117.5
 29.0 117.5
 29.5 117.5
 30.0 117.5
 30.5 117.5
 31.0 117.5
 31.5 117.5
 32.0 117.5
 32.5 117.5
 33.0 117.5
 33.5 117.5
 34.0 117.5
 34.5 117.5
 35.0 117.5
 35.5 117.5
 36.0 117.5
 36.5 117.5
 37.0 117.5
 37.5 117.5
 38.0 117.5
 38.5 117.5
 39.0 117.5
 39.5 117.5
 40.0 117.5
 40.5 117.5
 41.0 117.5
 41.5 117.5
 42.0 117.5
 42.5 117.5
 43.0 117.5
 43.5 117.5
 44.0 117.5
 44.5 117.5
 45.0 117.5
 45.5 117.5
 46.0 117.5
 46.5 117.5
 47.0 117.5
 47.5 117.5
 48.0 117.5
 48.5 117.5
 49.0 117.5
 49.5 117.5
 50.0 117.5
 50.5 117.5
 51.0 117.5
 51.5 117.5
 52.0 117.5
 20.5 118.0
 21.0 118.0
 21.5 118.0
 22.0 118.0
 22.5 118.0
 23.0 118.0
 23.5 118.0
 24.0 118.0
 24.5 118.0
 25.0 118.0
 25.5 118.0
 26.0 118.0
 26.5 118.0
 27.0 118.0
 27.5 118.0
 28.0 118.0
 28.5 118.0
 29.0 118.0
 29.5 118.0
 30.0 118.0
 30.5 118.0
 31.0 118.0
 31.5 118.0
 32.0 118.0
 32.5 118.0
 33.0 118.0
 33.5 118.0
 34.0 118.0
 34.5 118.0
 35.0 118.0
 35.5 118.0
 36.0 118.0
 36.5 118.0
 37.0 118.0
 37.5 118.0
 38.0 118.0
 38.5 118.0
 39.0 118.0
 39.5 118.0
 40.0 118.0
 40.5 118.0
 41.0 118.0
 41.5 118.0
 42.0 118.0
 42.5 118.0
 43.0 118.0
 43.5 118.0
 44.0 118.0
 44.5 118.0
 45.0 118.0
 45.5 118.0
 46.0 118.0
 46.5 118.0
 47.0 118.0
 47.5 118.0
 48.0 118.0
 48.5 118.0
 49.0 118.0
 49.5 118.0
 50.0 118.0
 50.5 118.0
 51.0 118.0
 51.5 118.0
 52.0 118.0
 20.5 118.5
 21.0 118.5
 21.5 118.5
 22.0 118.5
 22.5 118.5
 23.0 118.5
 23.5 118.5
 24.0 118.5
 24.5 118.5
 25.0 118.5
 25.5 118.5
 26.0 118.5
 26.5 118.5
 27.0 118.5
 27.5 118.5
 28.0 118.5
 28.5 118.5
 29.0 118.5
 29.5 118.5
 30.0 118.5
 30.5 118.5
 31.0 118.5
 31.5 118.5
 32.0 118.5
 32.5 118.5
 33.0 118.5
 33.5 118.5
 34.0 118.5
 34.5 118.5
 35.0 118.5
 35.5 118.5
 36.0 118.5
 36.5 118.5
 37.0 118.5
 37.5 118.5
 38.0 118.5
 38.5 118.5
 39.0 118.5
 39.5 118.5
 40.0 118.5
 40.5 118.5
 41.0 118.5
 41.5 118.5
 42.0 118.5
 42.5 118.5
 43.0 118.5
 43.5 118.5
 44.0 118.5
 44.5 118.5
 45.0 118.5
 45.5 118.5
 46.0 118.5
 46.5 118.5
 47.0 118.5
 47.5 118.5
 48.0 118.5
 48.5 118.5
 49.0 118.5
 49.5 118.5
 50.0 118.5
 50.5 118.5
 51.0 118.5
 51.5 118.5
 52.0 118.5
 20.5 119.0
 21.0 119.0
 21.5 119.0
 22.0 119.0
 22.5 119.0
 23.0 119.0
 23.5 119.0
 24.0 119.0
 24.5 119.0
 25.0 119.0
 25.5 119.0
 26.0 119.0
 26.5 119.0
 27.0 119.0
 27.5 119.0
 28.0 119.0
 28.5 119.0
 29.0 119.0
 29.5 119.0
 30.0 119.0
 30.5 119.0
 31.0 119.0
 31.5 119.0
 32.0 119.0
 32.5 119.0
 33.0 119.0
 33.5 119.0
 34.0 119.0
 34.5 119.0
 35.0 119.0
 35.5 119.0
 36.0 119.0
 36.5 119.0
 37.0 119.0
 37.5 119.0
 38.0 119.0
 38.5 119.0
 39.0 119.0
 39.5 119.0
 40.0 119.0
 40.5 119.0
 41.0 119.0
 41.5 119.0
 42.0 119.0
 42.5 119.0
 43.0 119.0
 43.5 119.0
 44.0 119.0
 44.5 119.0
 45.0 119.0
 45.5 119.0
 46.0 119.0
 46.5 119.0
 47.0 119.0
 47.5 119.0
 48.0 119.0
 48.5 119.0
 49.0 119.0
 49.5 119.0
 50.0 119.0
 50.5 119.0
 51.0 119.0
 51.5 119.0
 52.0 119.0
 20.5 119.5
 21.0 119.5
 21.5 119.5
 22.0 119.5
 22.5 119.5
 23.0 119.5
 23.5 119.5
 24.0 119.5
 24.5 119.5
 25.0 119.5
 25.5 119.5
 26.0 119.5
 26.5 119.5
 27.0 119.5
 27.5 119.5
 28.0 119.5
 28.5 119.5
 29.0 119.5
 29.5 119.5
 30.0 119.5
 30.5 119.5
 31.0 119.5
 31.5 119.5
 32.0 119.5
 32.5 119.5
 33.0 119.5
 33.5 119.5
 34.0 119.5
 34.5 119.5
 35.0 119.5
 35.5 119.5
 36.0 119.5
 36.5 119.5
 37.0 119.5
 37.5 119.5
 38.0 119.5
 38.5 119.5
 39.0 119.5
 39.5 119.5
 40.0 119.5
 40.5 119.5
 41.0 119.5
 41.5 119.5
 42.0 119.5
 42.5 119.5
 43.0 119.5
 43.5 119.5
 44.0 119.5
 44.5 119.5
 45.0 119.5
 45.5 119.5
 46.0 119.5
 46.5 119.5
 47.0 119.5
 47.5 119.5
 48.0 119.5
 48.5 119.5
 49.0 119.5
 49.5 119.5
 50.0 119.5
 50.5 119.5
 51.0 119.5
 51.5 119.5
 52.0 119.5
 20.5 120.0
 21.0 120.0
 21.5 120.0
 22.0 120.0
 22.5 120.0
 23.0 120.0
 23.5 120.0
 24.0 120.0
 24.5 120.0
 25.0 120.0
 25.5 120.0
 26.0 120.0
 26.5 120.0
 27.0 120.0
 27.5 120.0
 28.0 120.0
 28.5 120.0
 29.0 120.0
 29.5 120.0
 30.0 120.0
 30.5 120.0
 31.0 120.0
 31.5 120.0
 32.0 120.0
 32.5 120.0
 33.0 120.0
 33.5 120.0
 34.0 120.0
 34.5 120.0
 35.0 120.0
 35.5 120.0
 36.0 120.0
 36.5 120.0
 37.0 120.0
 37.5 120.0
 38.0 120.0
 38.5 120.0
 39.0 120.0
 39.5 120.0
 40.0 120.0
 40.5 120.0
 41.0 120.0
 41.5 120.0
 42.0 120.0
 42.5 120.0
 43.0 120.0
 43.5 120.0
 44.0 120.0
 44.5 120.0
 45.0 120.0
 45.5 120.0
 46.0 120.0
 46.5 120.0
 47.0 120.0
 47.5 120.0
 48.0 120.0
 48.5 120.0
 49.0 120.0
 49.5 120.0
 50.0 120.0
 50.5 120.0
 51.0 120.0
 51.5 120.0
 52.0 120.0
 20.5 120.5
 21.0 120.5
 21.5 120.5
 22.0 120.5
 22.5 120.5
 23.0 120.5
 23.5 120.5
 24.0 120.5
 24.5 120.5
 25.0 120.5
 25.5 120.5
 26.0 120.5
 26.5 120.5
 27.0 120.5
 27.5 120.5
 28.0 120.5
 28.5 120.5
 29.0 120.5
 29.5 120.5
 30.0 120.5
 30.5 120.5
 31.0 120.5
 31.5 120.5
 32.0 120.5
 32.5 120.5
 33.0 120.5
 33.5 120.5
 34.0 120.5
 34.5 120.5
 35.0 120.5
 35.5 120.5
 36.0 120.5
 36.5 120.5
 37.0 120.5
 37.5 120.5
 38.0 120.5
 38.5 120.5
 39.0 120.5
 39.5 120.5
 40.0 120.5
 40.5 120.5
 41.0 120.5
 41.5 120.5
 42.0 120.5
 42.5 120.5
 43.0 120.5
 43.5 120.5
 44.0 120.5
 44.5 120.5
 45.0 120.5
 45.5 120.5
 46.0 120.5
 46.5 120.5
 47.0 120.5
 47.5 120.5
 48.0 120.5
 48.5 120.5
 49.0 120.5
 49.5 120.5
 50.0 120.5
 50.5 120.5
 51.0 120.5
 51.5 120.5
 52.0 120.5
 20.5 121.0
 21.0 121.0
 21.5 121.0
 22.0 121.0
 22.5 121.0
 23.0 121.0
 23.5 121.0
 24.0 121.0
 24.5 121.0
 25.0 121.0
 25.5 121.0
 26.0 121.0
 26.5 121.0
 27.0 121.0
 27.5 121.0
 28.0 121.0
 28.5 121.0
 29.0 121.0
 29.5 121.0
 30.0 121.0
 30.5 121.0
 31.0 121.0
 31.5 121.0
 32.0 121.0
 32.5 121.0
 33.0 121.0
 33.5 121.0
 34.0 121.0
 34.5 121.0
 35.0 121.0
 35.5 121.0
 36.0 121.0
 36.5 121.0
 37.0 121.0
 37.5 121.0
 38.0 121.0
 38.5 121.0
 39.0 121.0
 39.5 121.0
 40.0 121.0
 40.5 121.0
 41.0 121.0
 41.5 121.0
 42.0 121.0
 42.5 121.0
 43.0 121.0
 43.5 121.0
 44.0 121.0
 44.5 121.0
 45.0 121.0
 45.5 121.0
 46.0 121.0
 46.5 121.0
 47.0 121.0
 47.5 121.0
 48.0 121.0
 48.5 121.0
 49.0 121.0
 49.5 121.0
 50.0 121.0
 50.5 121.0
 51.0 121.0
 51.5 121.0
 52.0 121.0
 20.5 121.5
 21.0 121.5
 21.5 121.5
 22.0 121.5
 22.5 121.5
 23.0 121.5
 23.5 121.5
 24.0 121.5
 24.5 121.5
 25.0 121.5
 25.5 121.5
 26.0 121.5
 26.5 121.5
 27.0 121.5
 27.5 121.5
 28.0 121.5
 28.5 121.5
 29.0 121.5
 29.5 121.5
 30.0 121.5
 30.5 121.5
 31.0 121.5
 31.5 121.5
 32.0 121.5
 32.5 121.5
 33.0 121.5
 33.5 121.5
 34.0 121.5
 34.5 121.5
 35.0 121.5
 35.5 121.5
 36.0 121.5
 36.5 121.5
 37.0 121.5
 37.5 121.5
 38.0 121.5
 38.5 121.5
 39.0 121.5
 39.5 121.5
 40.0 121.5
 40.5 121.5
 41.0 121.5
 41.5 121.5
 42.0 121.5
 42.5 121.5
 43.0 121.5
 43.5 121.5
 44.0 121.5
 44.5 121.5
 45.0 121.5
 45.5 121.5
 46.0 121.5
 46.5 121.5
 47.0 121.5
 47.5 121.5
 48.0 121.5
 48.5 121.5
 49.0 121.5
 49.5 121.5
 50.0 121.5
 50.5 121.5
 51.0 121.5
 51.5 121.5
 52.0 121.5
 20.5 122.0
 21.0 122.0
 21.5 122.0
 22.0 122.0
 22.5 122.0
 23.0 122.0
 23.5 122.0
 24.0 122.0
 24.5 122.0
 25.0 122.0
 25.5 122.0
 26.0 122.0
 26.5 122.0
 27.0 122.0
 27.5 122.0
 28.0 122.0
 28.5 122.0
 29.0 122.0
 29.5 122.0
 30.0 122.0
 30.5 122.0
 31.0 122.0
 31.5 122.0
 32.0 122.0
 32.5 122.0
 33.0 122.0
 33.5 122.0
 34.0 122.0
 34.5 122.0
 35.0 122.0
 35.5 122.0
 36.0 122.0
 36.5 122.0
 37.0 122.0
 37.5 122.0
 38.0 122.0
 38.5 122.0
 39.0 122.0
 39.5 122.0
 40.0 122.0
 40.5 122.0
 41.0 122.0
 41.5 122.0
 42.0 122.0
 42.5 122.0
 43.0 122.0
 43.5 122.0
 44.0 122.0
 44.5 122.0
 45.0 122.0
 45.5 122.0
 46.0 122.0
 46.5 122.0
 47.0 122.0
 47.5 122.0
 48.0 122.0
 48.5 122.0
 49.0 122.0
 49.5 122.0
 50.0 122.0
 50.5 122.0
 51.0 122.0
 51.5 122.0
 52.0 122.0
 20.5 122.5
 21.0 122.5
 21.5 122.5
 22.0 122.5
 22.5 122.5
 23.0 122.5
 23.5 122.5
 24.0 122.5
 24.5 122.5
 25.0 122.5
 25.5 122.5
 26.0 122.5
 26.5 122.5
 27.0 122.5
 27.5 122.5
 28.0 122.5
 28.5 122.5
 29.0 122.5
 29.5 122.5
 30.0 122.5
 30.5 122.5
 31.0 122.5
 31.5 122.5
 32.0 122.5
 32.5 122.5
 33.0 122.5
 33.5 122.5
 34.0 122.5
 34.5 122.5
 35.0 122.5
 35.5 122.5
 36.0 122.5
 36.5 122.5
 37.0 122.5
 37.5 122.5
 38.0 122.5
 38.5 122.5
 39.0 122.5
 39.5 122.5
 40.0 122.5
 40.5 122.5
 41.0 122.5
 41.5 122.5
 42.0 122.5
 42.5 122.5
 43.0 122.5
 43.5 122.5
 44.0 122.5
 44.5 122.5
 45.0 122.5
 45.5 122.5
 46.0 122.5
 46.5 122.5
 47.0 122.5
 47.5 122.5
 48.0 122.5
 48.5 122.5
 49.0 122.5
 49.5 122.5
 50.0 122.5
 50.5 122.5
 51.0 122.5
 51.5 122.5
 52.0 122.5
 20.5 123.0
 21.0 123.0
 21.5 123.0
 22.0 123.0
 22.5 123.0
 23.0 123.0
 23.5 123.0
 24.0 123.0
 24.5 123.0
 25.0 123.0
 25.5 123.0
 26.0 123.0
 26.5 123.0
 27.0 123.0
 27.5 123.0
 28.0 123.0
 28.5 123.0
 29.0 123.0
 29.5 123.0
 30.0 123.0
 30.5 123.0
 31.0 123.0
 31.5 123.0
 32.0 123.0
 32.5 123.0
 33.0 123.0
 33.5 123.0
 34.0 123.0
 34.5 123.0
 35.0 123.0
 35.5 123.0
 36.0 123.0
 36.5 123.0
 37.0 123.0
 37.5 123.0
 38.0 123.0
 38.5 123.0
 39.0 123.0
 39.5 123.0
 40.0 123.0
 40.5 123.0
 41.0 123.0
 41.5 123.0
 42.0 123.0
 42.5 123.0
 43.0 123.0
 43.5 123.0
 44.0 123.0
 44.5 123.0
 45.0 123.0
 45.5 123.0
 46.0 123.0
 46.5 123.0
 47.0 123.0
 47.5 123.0
 48.0 123.0
 48.5 123.0
 49.0 123.0
 49.5 123.0
 50.0 123.0
 50.5 123.0
 51.0 123.0
 51.5 123.0
 52.0 123.0
 20.5 123.5
 21.0 123.5
 21.5 123.5
 22.0 123.5
 22.5 123.5
 23.0 123.5
 23.5 123.5
 24.0 123.5
 24.5 123.5
 25.0 123.5
 25.5 123.5
 26.0 123.5
 26.5 123.5
 27.0 123.5
 27.5 123.5
 28.0 123.5
 28.5 123.5
 29.0 123.5
 29.5 123.5
 30.0 123.5
 30.5 123.5
 31.0 123.5
 31.5 123.5
 32.0 123.5
 32.5 123.5
 33.0 123.5
 33.5 123.5
 34.0 123.5
 34.5 123.5
 35.0 123.5
 35.5 123.5
 36.0 123.5
 36.5 123.5
 37.0 123.5
 37.5 123.5
 38.0 123.5
 38.5 123.5
 39.0 123.5
 39.5 123.5
 40.0 123.5
 40.5 123.5
 41.0 123.5
 41.5 123.5
 42.0 123.5
 42.5 123.5
 43.0 123.5
 43.5 123.5
 44.0 123.5
 44.5 123.5
 45.0 123.5
 45.5 123.5
 46.0 123.5
 46.5 123.5
 47.0 123.5
 47.5 123.5
 48.0 123.5
 48.5 123.5
 49.0 123.5
 49.5 123.5
 50.0 123.5
 50.5 123.5
 51.0 123.5
 51.5 123.5
 52.0 123.5
 20.5 124.0
 21.0 124.0
 21.5 124.0
 22.0 124.0
 22.5 124.0
 23.0 124.0
 23.5 124.0
 24.0 124.0
 24.5 124.0
 25.0 124.0
 25.5 124.0
 26.0 124.0
 26.5 124.0
 27.0 124.0
 27.5 124.0
 28.0 124.0
 28.5 124.0
 29.0 124.0
 29.5 124.0
 30.0 124.0
 30.5 124.0
 31.0 124.0
 31.5 124.0
 32.0 124.0
 32.5 124.0
 33.0 124.0
 33.5 124.0
 34.0 124.0
 34.5 124.0
 35.0 124.0
 35.5 124.0
 36.0 124.0
 36.5 124.0
 37.0 124.0
 37.5 124.0
 38.0 124.0
 38.5 124.0
 39.0 124.0
 39.5 124.0
 40.0 124.0
 40.5 124.0
 41.0 124.0
 41.5 124.0
 42.0 124.0
 42.5 124.0
 43.0 124.0
 43.5 124.0
 44.0 124.0
 44.5 124.0
 45.0 124.0
 45.5 124.0
 46.0 124.0
 46.5 124.0
 47.0 124.0
 47.5 124.0
 48.0 124.0
 48.5 124.0
 49.0 124.0
 49.5 124.0
 50.0 124.0
 50.5 124.0
 51.0 124.0
 51.5 124.0
 52.0 124.0
 20.5 124.5
 21.0 124.5
 21.5 124.5
 22.0 124.5
 22.5 124.5
 23.0 124.5
 23.5 124.5
 24.0 124.5
 24.5 124.5
 25.0 124.5
 25.5 124.5
 26.0 124.5
 26.5 124.5
 27.0 124.5
 27.5 124.5
 28.0 124.5
 28.5 124.5
 29.0 124.5
 29.5 124.5
 30.0 124.5
 30.5 124.5
 31.0 124.5
 31.5 124.5
 32.0 124.5
 32.5 124.5
 33.0 124.5
 33.5 124.5
 34.0 124.5
 34.5 124.5
 35.0 124.5
 35.5 124.5
 36.0 124.5
 36.5 124.5
 37.0 124.5
 37.5 124.5
 38.0 124.5
 38.5 124.5
 39.0 124.5
 39.5 124.5
 40.0 124.5
 40.5 124.5
 41.0 124.5
 41.5 124.5
 42.0 124.5
 42.5 124.5
 43.0 124.5
 43.5 124.5
 44.0 124.5
 44.5 124.5
 45.0 124.5
 45.5 124.5
 46.0 124.5
 46.5 124.5
 47.0 124.5
 47.5 124.5
 48.0 124.5
 48.5 124.5
 49.0 124.5
 49.5 124.5
 50.0 124.5
 50.5 124.5
 51.0 124.5
 51.5 124.5
 52.0 124.5
 20.5 125.0
 21.0 125.0
 21.5 125.0
 22.0 125.0
 22.5 125.0
 23.0 125.0
 23.5 125.0
 24.0 125.0
 24.5 125.0
 25.0 125.0
 25.5 125.0
 26.0 125.0
 26.5 125.0
 27.0 125.0
 27.5 125.0
 28.0 125.0
 28.5 125.0
 29.0 125.0
 29.5 125.0
 30.0 125.0
 30.5 125.0
 31.0 125.0
 31.5 125.0
 32.0 125.0
 32.5 125.0
 33.0 125.0
 33.5 125.0
 34.0 125.0
 34.5 125.0
 35.0 125.0
 35.5 125.0
 36.0 125.0
 36.5 125.0
 37.0 125.0
 37.5 125.0
 38.0 125.0
 38.5 125.0
 39.0 125.0
 39.5 125.0
 40.0 125.0
 40.5 125.0
 41.0 125.0
 41.5 125.0
 42.0 125.0
 42.5 125.0
 43.0 125.0
 43.5 125.0
 44.0 125.0
 44.5 125.0
 45.0 125.0
 45.5 125.0
 46.0 125.0
 46.5 125.0
 47.0 125.0
 47.5 125.0
 48.0 125.0
 48.5 125.0
 49.0 125.0
 49.5 125.0
 50.0 125.0
 50.5 125.0
 51.0 125.0
 51.5 125.0
 52.0 125.0
 20.5 125.5
 21.0 125.5
 21.5 125.5
 22.0 125.5
 22.5 125.5
 23.0 125.5
 23.5 125.5
 24.0 125.5
 24.5 125.5
 25.0 125.5
 25.5 125.5
 26.0 125.5
 26.5 125.5
 27.0 125.5
 27.5 125.5
 28.0 125.5
 28.5 125.5
 29.0 125.5
 29.5 125.5
 30.0 125.5
 30.5 125.5
 31.0 125.5
 31.5 125.5
 32.0 125.5
 32.5 125.5
 33.0 125.5
 33.5 125.5
 34.0 125.5
 34.5 125.5
 35.0 125.5
 35.5 125.5
 36.0 125.5
 36.5 125.5
 37.0 125.5
 37.5 125.5
 38.0 125.5
 38.5 125.5
 39.0 125.5
 39.5 125.5
 40.0 125.5
 40.5 125.5
 41.0 125.5
 41.5 125.5
 42.0 125.5
 42.5 125.5
 43.0 125.5
 43.5 125.5
 44.0 125.5
 44.5 125.5
 45.0 125.5
 45.5 125.5
 46.0 125.5
 46.5 125.5
 47.0 125.5
 47.5 125.5
 48.0 125.5
 48.5 125.5
 49.0 125.5
 49.5 125.5
 50.0 125.5
 50.5 125.5
 51.0 125.5
 51.5 125.5
 52.0 125.5
 20.5 126.0
 21.0 126.0
 21.5 126.0
 22.0 126.0
 22.5 126.0
 23.0 126.0
 23.5 126.0
 24.0 126.0
 24.5 126.0
 25.0 126.0
 25.5 126.0
 26.0 126.0
 26.5 126.0
 27.0 126.0
 27.5 126.0
 28.0 126.0
 28.5 126.0
 29.0 126.0
 29.5 126.0
 30.0 126.0
 30.5 126.0
 31.0 126.0
 31.5 126.0
 32.0 126.0
 32.5 126.0
 33.0 126.0
 33.5 126.0
 34.0 126.0
 34.5 126.0
 35.0 126.0
 35.5 126.0
 36.0 126.0
 36.5 126.0
 37.0 126.0
 37.5 126.0
 38.0 126.0
 38.5 126.0
 39.0 126.0
 39.5 126.0
 40.0 126.0
 40.5 126.0
 41.0 126.0
 41.5 126.0
 42.0 126.0
 42.5 126.0
 43.0 126.0
 43.5 126.0
 44.0 126.0
 44.5 126.0
 45.0 126.0
 45.5 126.0
 46.0 126.0
 46.5 126.0
 47.0 126.0
 47.5 126.0
 48.0 126.0
 48.5 126.0
 49.0 126.0
 49.5 126.0
 50.0 126.0
 50.5 126.0
 51.0 126.0
 51.5 126.0
 52.0 126.0
 20.5 126.5
 21.0 126.5
 21.5 126.5
 22.0 126.5
 22.5 126.5
 23.0 126.5
 23.5 126.5
 24.0 126.5
 24.5 126.5
 25.0 126.5
 25.5 126.5
 26.0 126.5
 26.5 126.5
 27.0 126.5
 27.5 126.5
 28.0 126.5
 28.5 126.5
 29.0 126.5
 29.5 126.5
 30.0 126.5
 30.5 126.5
 31.0 126.5
 31.5 126.5
 32.0 126.5
 32.5 126.5
 33.0 126.5
 33.5 126.5
 34.0 126.5
 34.5 126.5
 35.0 126.5
 35.5 126.5
 36.0 126.5
 36.5 126.5
 37.0 126.5
 37.5 126.5
 38.0 126.5
 38.5 126.5
 39.0 126.5
 39.5 126.5
 40.0 126.5
 40.5 126.5
 41.0 126.5
 41.5 126.5
 42.0 126.5
 42.5 126.5
 43.0 126.5
 43.5 126.5
 44.0 126.5
 44.5 126.5
 45.0 126.5
 45.5 126.5
 46.0 126.5
 46.5 126.5
 47.0 126.5
 47.5 126.5
 48.0 126.5
 48.5 126.5
 49.0 126.5
 49.5 126.5
 50.0 126.5
 50.5 126.5
 51.0 126.5
 51.5 126.5
 52.0 126.5
 20.5 127.0
 21.0 127.0
 21.5 127.0
 22.0 127.0
 22.5 127.0
 23.0 127.0
 23.5 127.0
 24.0 127.0
 24.5 127.0
 25.0 127.0
 25.5 127.0
 26.0 127.0
 26.5 127.0
 27.0 127.0
 27.5 127.0
 28.0 127.0
 28.5 127.0
 29.0 127.0
 29.5 127.0
 30.0 127.0
 30.5 127.0
 31.0 127.0
 31.5 127.0
 32.0 127.0
 32.5 127.0
 33.0 127.0
 33.5 127.0
 34.0 127.0
 34.5 127.0
 35.0 127.0
 35.5 127.0
 36.0 127.0
 36.5 127.0
 37.0 127.0
 37.5 127.0
 38.0 127.0
 38.5 127.0
 39.0 127.0
 39.5 127.0
 40.0 127.0
 40.5 127.0
 41.0 127.0
 41.5 127.0
 42.0 127.0
 42.5 127.0
 43.0 127.0
 43.5 127.0
 44.0 127.0
 44.5 127.0
 45.0 127.0
 45.5 127.0
 46.0 127.0
 46.5 127.0
 47.0 127.0
 47.5 127.0
 48.0 127.0
 48.5 127.0
 49.0 127.0
 49.5 127.0
 50.0 127.0
 50.5 127.0
 51.0 127.0
 51.5 127.0
 52.0 127.0
 20.5 127.5
 21.0 127.5
 21.5 127.5
 22.0 127.5
 22.5 127.5
 23.0 127.5
 23.5 127.5
 24.0 127.5
 24.5 127.5
 25.0 127.5
 25.5 127.5
 26.0 127.5
 26.5 127.5
 27.0 127.5
 27.5 127.5
 28.0 127.5
 28.5 127.5
 29.0 127.5
 29.5 127.5
 30.0 127.5
 30.5 127.5
 31.0 127.5
 31.5 127.5
 32.0 127.5
 32.5 127.5
 33.0 127.5
 33.5 127.5
 34.0 127.5
 34.5 127.5
 35.0 127.5
 35.5 127.5
 36.0 127.5
 36.5 127.5
 37.0 127.5
 37.5 127.5
 38.0 127.5
 38.5 127.5
 39.0 127.5
 39.5 127.5
 40.0 127.5
 40.5 127.5
 41.0 127.5
 41.5 127.5
 42.0 127.5
 42.5 127.5
 43.0 127.5
 43.5 127.5
 44.0 127.5
 44.5 127.5
 45.0 127.5
 45.5 127.5
 46.0 127.5
 46.5 127.5
 47.0 127.5
 47.5 127.5
 48.0 127.5
 48.5 127.5
 49.0 127.5
 49.5 127.5
 50.0 127.5
 50.5 127.5
 51.0 127.5
 51.5 127.5
 52.0 127.5
 20.5 128.0
 21.0 128.0
 21.5 128.0
 22.0 128.0
 22.5 128.0
 23.0 128.0
 23.5 128.0
 24.0 128.0
 24.5 128.0
 25.0 128.0
 25.5 128.0
 26.0 128.0
 26.5 128.0
 27.0 128.0
 27.5 128.0
 28.0 128.0
 28.5 128.0
 29.0 128.0
 29.5 128.0
 30.0 128.0
 30.5 128.0
 31.0 128.0
 31.5 128.0
 32.0 128.0
 32.5 128.0
 33.0 128.0
 33.5 128.0
 34.0 128.0
 34.5 128.0
 35.0 128.0
 35.5 128.0
 36.0 128.0
 36.5 128.0
 37.0 128.0
 37.5 128.0
 38.0 128.0
 38.5 128.0
 39.0 128.0
 39.5 128.0
 40.0 128.0
 40.5 128.0
 41.0 128.0
 41.5 128.0
 42.0 128.0
 42.5 128.0
 43.0 128.0
 43.5 128.0
 44.0 128.0
 44.5 128.0
 45.0 128.0
 45.5 128.0
 46.0 128.0
 46.5 128.0
 47.0 128.0
 47.5 128.0
 48.0 128.0
 48.5 128.0
 49.0 128.0
 49.5 128.0
 50.0 128.0
 50.5 128.0
 51.0 128.0
 51.5 128.0
 52.0 128.0
 20.5 128.5
 21.0 128.5
 21.5 128.5
 22.0 128.5
 22.5 128.5
 23.0 128.5
 23.5 128.5
 24.0 128.5
 24.5 128.5
 25.0 128.5
 25.5 128.5
 26.0 128.5
 26.5 128.5
 27.0 128.5
 27.5 128.5
 28.0 128.5
 28.5 128.5
 29.0 128.5
 29.5 128.5
 30.0 128.5
 30.5 128.5
 31.0 128.5
 31.5 128.5
 32.0 128.5
 32.5 128.5
 33.0 128.5
 33.5 128.5
 34.0 128.5
 34.5 128.5
 35.0 128.5
 35.5 128.5
 36.0 128.5
 36.5 128.5
 37.0 128.5
 37.5 128.5
 38.0 128.5
 38.5 128.5
 39.0 128.5
 39.5 128.5
 40.0 128.5
 40.5 128.5
 41.0 128.5
 41.5 128.5
 42.0 128.5
 42.5 128.5
 43.0 128.5
 43.5 128.5
 44.0 128.5
 44.5 128.5
 45.0 128.5
 45.5 128.5
 46.0 128.5
 46.5 128.5
 47.0 128.5
 47.5 128.5
 48.0 128.5
 48.5 128.5
 49.0 128.5
 49.5 128.5
 50.0 128.5
 50.5 128.5
 51.0 128.5
 51.5 128.5
 52.0 128.5
 20.5 129.0
 21.0 129.0
 21.5 129.0
 22.0 129.0
 22.5 129.0
 23.0 129.0
 23.5 129.0
 24.0 129.0
 24.5 129.0
 25.0 129.0
 25.5 129.0
 26.0 129.0
 26.5 129.0
 27.0 129.0
 27.5 129.0
 28.0 129.0
 28.5 129.0
 29.0 129.0
 29.5 129.0
 30.0 129.0
 30.5 129.0
 31.0 129.0
 31.5 129.0
 32.0 129.0
 32.5 129.0
 33.0 129.0
 33.5 129.0
 34.0 129.0
 34.5 129.0
 35.0 129.0
 35.5 129.0
 36.0 129.0
 36.5 129.0
 37.0 129.0
 37.5 129.0
 38.0 129.0
 38.5 129.0
 39.0 129.0
 39.5 129.0
 40.0 129.0
 40.5 129.0
 41.0 129.0
 41.5 129.0
 42.0 129.0
 42.5 129.0
 43.0 129.0
 43.5 129.0
 44.0 129.0
 44.5 129.0
 45.0 129.0
 45.5 129.0
 46.0 129.0
 46.5 129.0
 47.0 129.0
 47.5 129.0
 48.0 129.0
 48.5 129.0
 49.0 129.0
 49.5 129.0
 50.0 129.0
 50.5 129.0
 51.0 129.0
 51.5 129.0
 52.0 129.0
 20.5 129.5
 21.0 129.5
 21.5 129.5
 22.0 129.5
 22.5 129.5
 23.0 129.5
 23.5 129.5
 24.0 129.5
 24.5 129.5
 25.0 129.5
 25.5 129.5
 26.0 129.5
 26.5 129.5
 27.0 129.5
 27.5 129.5
 28.0 129.5
 28.5 129.5
 29.0 129.5
 29.5 129.5
 30.0 129.5
 30.5 129.5
 31.0 129.5
 31.5 129.5
 32.0 129.5
 32.5 129.5
 33.0 129.5
 33.5 129.5
 34.0 129.5
 34.5 129.5
 35.0 129.5
 35.5 129.5
 36.0 129.5
 36.5 129.5
 37.0 129.5
 37.5 129.5
 38.0 129.5
 38.5 129.5
 39.0 129.5
 39.5 129.5
 40.0 129.5
 40.5 129.5
 41.0 129.5
 41.5 129.5
 42.0 129.5
 42.5 129.5
 43.0 129.5
 43.5 129.5
 44.0 129.5
 44.5 129.5
 45.0 129.5
 45.5 129.5
 46.0 129.5
 46.5 129.5
 47.0 129.5
 47.5 129.5
 48.0 129.5
 48.5 129.5
 49.0 129.5
 49.5 129.5
 50.0 129.5
 50.5 129.5
 51.0 129.5
 51.5 129.5
 52.0 129.5
 20.5 130.0
 21.0 130.0
 21.5 130.0
 22.0 130.0
 22.5 130.0
 23.0 130.0
 23.5 130.0
 24.0 130.0
 24.5 130.0
 25.0 130.0
 25.5 130.0
 26.0 130.0
 26.5 130.0
 27.0 130.0
 27.5 130.0
 28.0 130.0
 28.5 130.0
 29.0 130.0
 29.5 130.0
 30.0 130.0
 30.5 130.0
 31.0 130.0
 31.5 130.0
 32.0 130.0
 32.5 130.0
 33.0 130.0
 33.5 130.0
 34.0 130.0
 34.5 130.0
 35.0 130.0
 35.5 130.0
 36.0 130.0
 36.5 130.0
 37.0 130.0
 37.5 130.0
 38.0 130.0
 38.5 130.0
 39.0 130.0
 39.5 130.0
 40.0 130.0
 40.5 130.0
 41.0 130.0
 41.5 130.0
 42.0 130.0
 42.5 130.0
 43.0 130.0
 43.5 130.0
 44.0 130.0
 44.5 130.0
 45.0 130.0
 45.5 130.0
 46.0 130.0
 46.5 130.0
 47.0 130.0
 47.5 130.0
 48.0 130.0
 48.5 130.0
 49.0 130.0
 49.5 130.0
 50.0 130.0
 50.5 130.0
 51.0 130.0
 51.5 130.0
 52.0 130.0
 20.5 130.5
 21.0 130.5
 21.5 130.5
 22.0 130.5
 22.5 130.5
 23.0 130.5
 23.5 130.5
 24.0 130.5
 24.5 130.5
 25.0 130.5
 25.5 130.5
 26.0 130.5
 26.5 130.5
 27.0 130.5
 27.5 130.5
 28.0 130.5
 28.5 130.5
 29.0 130.5
 29.5 130.5
 30.0 130.5
 30.5 130.5
 31.0 130.5
 31.5 130.5
 32.0 130.5
 32.5 130.5
 33.0 130.5
 33.5 130.5
 34.0 130.5
 34.5 130.5
 35.0 130.5
 35.5 130.5
 36.0 130.5
 36.5 130.5
 37.0 130.5
 37.5 130.5
 38.0 130.5
 38.5 130.5
 39.0 130.5
 39.5 130.5
 40.0 130.5
 40.5 130.5
 41.0 130.5
 41.5 130.5
 42.0 130.5
 42.5 130.5
 43.0 130.5
 43.5 130.5
 44.0 130.5
 44.5 130.5
 45.0 130.5
 45.5 130.5
 46.0 130.5
 46.5 130.5
 47.0 130.5
 47.5 130.5
 48.0 130.5
 48.5 130.5
 49.0 130.5
 49.5 130.5
 50.0 130.5
 50.5 130.5
 51.0 130.5
 51.5 130.5
 52.0 130.5
 20.5 131.0
 21.0 131.0
 21.5 131.0
 22.0 131.0
 22.5 131.0
 23.0 131.0
 23.5 131.0
 24.0 131.0
 24.5 131.0
 25.0 131.0
 25.5 131.0
 26.0 131.0
 26.5 131.0
 27.0 131.0
 27.5 131.0
 28.0 131.0
 28.5 131.0
 29.0 131.0
 29.5 131.0
 30.0 131.0
 30.5 131.0
 31.0 131.0
 31.5 131.0
 32.0 131.0
 32.5 131.0
 33.0 131.0
 33.5 131.0
 34.0 131.0
 34.5 131.0
 35.0 131.0
 35.5 131.0
 36.0 131.0
 36.5 131.0
 37.0 131.0
 37.5 131.0
 38.0 131.0
 38.5 131.0
 39.0 131.0
 39.5 131.0
 40.0 131.0
 40.5 131.0
 41.0 131.0
 41.5 131.0
 42.0 131.0
 42.5 131.0
 43.0 131.0
 43.5 131.0
 44.0 131.0
 44.5 131.0
 45.0 131.0
 45.5 131.0
 46.0 131.0
 46.5 131.0
 47.0 131.0
 47.5 131.0
 48.0 131.0
 48.5 131.0
 49.0 131.0
 49.5 131.0
 50.0 131.0
 50.5 131.0
 51.0 131.0
 51.5 131.0
 52.0 131.0
 20.5 131.5
 21.0 131.5
 21.5 131.5
 22.0 131.5
 22.5 131.5
 23.0 131.5
 23.5 131.5
 24.0 131.5
 24.5 131.5
 25.0 131.5
 25.5 131.5
 26.0 131.5
 26.5 131.5
 27.0 131.5
 27.5 131.5
 28.0 131.5
 28.5 131.5
 29.0 131.5
 29.5 131.5
 30.0 131.5
 30.5 131.5
 31.0 131.5
 31.5 131.5
 32.0 131.5
 32.5 131.5
 33.0 131.5
 33.5 131.5
 34.0 131.5
 34.5 131.5
 35.0 131.5
 35.5 131.5
 36.0 131.5
 36.5 131.5
 37.0 131.5
 37.5 131.5
 38.0 131.5
 38.5 131.5
 39.0 131.5
 39.5 131.5
 40.0 131.5
 40.5 131.5
 41.0 131.5
 41.5 131.5
 42.0 131.5
 42.5 131.5
 43.0 131.5
 43.5 131.5
 44.0 131.5
 44.5 131.5
 45.0 131.5
 45.5 131.5
 46.0 131.5
 46.5 131.5
 47.0 131.5
 47.5 131.5
 48.0 131.5
 48.5 131.5
 49.0 131.5
 49.5 131.5
 50.0 131.5
 50.5 131.5
 51.0 131.5
 51.5 131.5
 52.0 131.5
 20.5 132.0
 21.0 132.0
 21.5 132.0
 22.0 132.0
 22.5 132.0
 23.0 132.0
 23.5 132.0
 24.0 132.0
 24.5 132.0
 25.0 132.0
 25.5 132.0
 26.0 132.0
 26.5 132.0
 27.0 132.0
 27.5 132.0
 28.0 132.0
 28.5 132.0
 29.0 132.0
 29.5 132.0
 30.0 132.0
 30.5 132.0
 31.0 132.0
 31.5 132.0
 32.0 132.0
 32.5 132.0
 33.0 132.0
 33.5 132.0
 34.0 132.0
 34.5 132.0
 35.0 132.0
 35.5 132.0
 36.0 132.0
 36.5 132.0
 37.0 132.0
 37.5 132.0
 38.0 132.0
 38.5 132.0
 39.0 132.0
 39.5 132.0
 40.0 132.0
 40.5 132.0
 41.0 132.0
 41.5 132.0
 42.0 132.0
 42.5 132.0
 43.0 132.0
 43.5 132.0
 44.0 132.0
 44.5 132.0
 45.0 132.0
 45.5 132.0
 46.0 132.0
 46.5 132.0
 47.0 132.0
 47.5 132.0
 48.0 132.0
 48.5 132.0
 49.0 132.0
 49.5 132.0
 50.0 132.0
 50.5 132.0
 51.0 132.0
 51.5 132.0
 52.0 132.0
 20.5 132.5
 21.0 132.5
 21.5 132.5
 22.0 132.5
 22.5 132.5
 23.0 132.5
 23.5 132.5
 24.0 132.5
 24.5 132.5
 25.0 132.5
 25.5 132.5
 26.0 132.5
 26.5 132.5
 27.0 132.5
 27.5 132.5
 28.0 132.5
 28.5 132.5
 29.0 132.5
 29.5 132.5
 30.0 132.5
 30.5 132.5
 31.0 132.5
 31.5 132.5
 32.0 132.5
 32.5 132.5
 33.0 132.5
 33.5 132.5
 34.0 132.5
 34.5 132.5
 35.0 132.5
 35.5 132.5
 36.0 132.5
 36.5 132.5
 37.0 132.5
 37.5 132.5
 38.0 132.5
 38.5 132.5
 39.0 132.5
 39.5 132.5
 40.0 132.5
 40.5 132.5
 41.0 132.5
 41.5 132.5
 42.0 132.5
 42.5 132.5
 43.0 132.5
 43.5 132.5
 44.0 132.5
 44.5 132.5
 45.0 132.5
 45.5 132.5
 46.0 132.5
 46.5 132.5
 47.0 132.5
 47.5 132.5
 48.0 132.5
 48.5 132.5
 49.0 132.5
 49.5 132.5
 50.0 132.5
 50.5 132.5
 51.0 132.5
 51.5 132.5
 52.0 132.5
 20.5 133.0
 21.0 133.0
 21.5 133.0
 22.0 133.0
 22.5 133.0
 23.0 133.0
 23.5 133.0
 24.0 133.0
 24.5 133.0
 25.0 133.0
 25.5 133.0
 26.0 133.0
 26.5 133.0
 27.0 133.0
 27.5 133.0
 28.0 133.0
 28.5 133.0
 29.0 133.0
 29.5 133.0
 30.0 133.0
 30.5 133.0
 31.0 133.0
 31.5 133.0
 32.0 133.0
 32.5 133.0
 33.0 133.0
 33.5 133.0
 34.0 133.0
 34.5 133.0
 35.0 133.0
 35.5 133.0
 36.0 133.0
 36.5 133.0
 37.0 133.0
 37.5 133.0
 38.0 133.0
 38.5 133.0
 39.0 133.0
 39.5 133.0
 40.0 133.0
 40.5 133.0
 41.0 133.0
 41.5 133.0
 42.0 133.0
 42.5 133.0
 43.0 133.0
 43.5 133.0
 44.0 133.0
 44.5 133.0
 45.0 133.0
 45.5 133.0
 46.0 133.0
 46.5 133.0
 47.0 133.0
 47.5 133.0
 48.0 133.0
 48.5 133.0
 49.0 133.0
 49.5 133.0
 50.0 133.0
 50.5 133.0
 51.0 133.0
 51.5 133.0
 52.0 133.0
 20.5 133.5
 21.0 133.5
 21.5 133.5
 22.0 133.5
 22.5 133.5
 23.0 133.5
 23.5 133.5
 24.0 133.5
 24.5 133.5
 25.0 133.5
 25.5 133.5
 26.0 133.5
 26.5 133.5
 27.0 133.5
 27.5 133.5
 28.0 133.5
 28.5 133.5
 29.0 133.5
 29.5 133.5
 30.0 133.5
 30.5 133.5
 31.0 133.5
 31.5 133.5
 32.0 133.5
 32.5 133.5
 33.0 133.5
 33.5 133.5
 34.0 133.5
 34.5 133.5
 35.0 133.5
 35.5 133.5
 36.0 133.5
 36.5 133.5
 37.0 133.5
 37.5 133.5
 38.0 133.5
 38.5 133.5
 39.0 133.5
 39.5 133.5
 40.0 133.5
 40.5 133.5
 41.0 133.5
 41.5 133.5
 42.0 133.5
 42.5 133.5
 43.0 133.5
 43.5 133.5
 44.0 133.5
 44.5 133.5
 45.0 133.5
 45.5 133.5
 46.0 133.5
 46.5 133.5
 47.0 133.5
 47.5 133.5
 48.0 133.5
 48.5 133.5
 49.0 133.5
 49.5 133.5
 50.0 133.5
 50.5 133.5
 51.0 133.5
 51.5 133.5
 52.0 133.5
 20.5 134.0
 21.0 134.0
 21.5 134.0
 22.0 134.0
 22.5 134.0
 23.0 134.0
 23.5 134.0
 24.0 134.0
 24.5 134.0
 25.0 134.0
 25.5 134.0
 26.0 134.0
 26.5 134.0
 27.0 134.0
 27.5 134.0
 28.0 134.0
 28.5 134.0
 29.0 134.0
 29.5 134.0
 30.0 134.0
 30.5 134.0
 31.0 134.0
 31.5 134.0
 32.0 134.0
 32.5 134.0
 33.0 134.0
 33.5 134.0
 34.0 134.0
 34.5 134.0
 35.0 134.0
 35.5 134.0
 36.0 134.0
 36.5 134.0
 37.0 134.0
 37.5 134.0
 38.0 134.0
 38.5 134.0
 39.0 134.0
 39.5 134.0
 40.0 134.0
 40.5 134.0
 41.0 134.0
 41.5 134.0
 42.0 134.0
 42.5 134.0
 43.0 134.0
 43.5 134.0
 44.0 134.0
 44.5 134.0
 45.0 134.0
 45.5 134.0
 46.0 134.0
 46.5 134.0
 47.0 134.0
 47.5 134.0
 48.0 134.0
 48.5 134.0
 49.0 134.0
 49.5 134.0
 50.0 134.0
 50.5 134.0
 51.0 134.0
 51.5 134.0
 52.0 134.0
