6000
 25.5 235.5
 26.0 235.5
 26.5 235.5
 27.0 235.5
 27.5 235.5
 28.0 235.5
 28.5 235.5
 29.0 235.5
 29.5 235.5
 30.0 235.5
 30.5 235.5
 31.0 235.5
 31.5 235.5
 32.0 235.5
 32.5 235.5
 33.0 235.5
 33.5 235.5
 34.0 235.5
 34.5 235.5
 35.0 235.5
 35.5 235.5
 36.0 235.5
 36.5 235.5
 37.0 235.5
 37.5 235.5
 38.0 235.5
 38.5 235.5
 39.0 235.5
 39.5 235.5
 40.0 235.5
 40.5 235.5
 41.0 235.5
 41.5 235.5
 42.0 235.5
 42.5 235.5
 43.0 235.5
 43.5 235.5
 44.0 235.5
 44.5 235.5
 45.0 235.5
 45.5 235.5
 46.0 235.5
 46.5 235.5
 47.0 235.5
 47.5 235.5
 48.0 235.5
 48.5 235.5
 49.0 235.5
 49.5 235.5
 50.0 235.5
 25.5 236.0
 26.0 236.0
 26.5 236.0
 27.0 236.0
 27.5 236.0
 28.0 236.0
 28.5 236.0
 29.0 236.0
 29.5 236.0
 30.0 236.0
 30.5 236.0
 31.0 236.0
 31.5 236.0
 32.0 236.0
 32.5 236.0
 33.0 236.0
 33.5 236.0
 34.0 236.0
 34.5 236.0
 35.0 236.0
 35.5 236.0
 36.0 236.0
 36.5 236.0
 37.0 236.0
 37.5 236.0
 38.0 236.0
 38.5 236.0
 39.0 236.0
 39.5 236.0
 40.0 236.0
 40.5 236.0
 41.0 236.0
 41.5 236.0
 42.0 236.0
 42.5 236.0
 43.0 236.0
 43.5 236.0
 44.0 236.0
 44.5 236.0
 45.0 236.0
 45.5 236.0
 46.0 236.0
 46.5 236.0
 47.0 236.0
 47.5 236.0
 48.0 236.0
 48.5 236.0
 49.0 236.0
 49.5 236.0
 50.0 236.0
 25.5 236.5
 26.0 236.5
 26.5 236.5
 27.0 236.5
 27.5 236.5
 28.0 236.5
 28.5 236.5
 29.0 236.5
 29.5 236.5
 30.0 236.5
 30.5 236.5
 31.0 236.5
 31.5 236.5
 32.0 236.5
 32.5 236.5
 33.0 236.5
 33.5 236.5
 34.0 236.5
 34.5 236.5
 35.0 236.5
 35.5 236.5
 36.0 236.5
 36.5 236.5
 37.0 236.5
 37.5 236.5
 38.0 236.5
 38.5 236.5
 39.0 236.5
 39.5 236.5
 40.0 236.5
 40.5 236.5
 41.0 236.5
 41.5 236.5
 42.0 236.5
 42.5 236.5
 43.0 236.5
 43.5 236.5
 44.0 236.5
 44.5 236.5
 45.0 236.5
 45.5 236.5
 46.0 236.5
 46.5 236.5
 47.0 236.5
 47.5 236.5
 48.0 236.5
 48.5 236.5
 49.0 236.5
 49.5 236.5
 50.0 236.5
 25.5 237.0
 26.0 237.0
 26.5 237.0
 27.0 237.0
 27.5 237.0
 28.0 237.0
 28.5 237.0
 29.0 237.0
 29.5 237.0
 30.0 237.0
 30.5 237.0
 31.0 237.0
 31.5 237.0
 32.0 237.0
 32.5 237.0
 33.0 237.0
 33.5 237.0
 34.0 237.0
 34.5 237.0
 35.0 237.0
 35.5 237.0
 36.0 237.0
 36.5 237.0
 37.0 237.0
 37.5 237.0
 38.0 237.0
 38.5 237.0
 39.0 237.0
 39.5 237.0
 40.0 237.0
 40.5 237.0
 41.0 237.0
 41.5 237.0
 42.0 237.0
 42.5 237.0
 43.0 237.0
 43.5 237.0
 44.0 237.0
 44.5 237.0
 45.0 237.0
 45.5 237.0
 46.0 237.0
 46.5 237.0
 47.0 237.0
 47.5 237.0
 48.0 237.0
 48.5 237.0
 49.0 237.0
 49.5 237.0
 50.0 237.0
 25.5 237.5
 26.0 237.5
 26.5 237.5
 27.0 237.5
 27.5 237.5
 28.0 237.5
 28.5 237.5
 29.0 237.5
 29.5 237.5
 30.0 237.5
 30.5 237.5
 31.0 237.5
 31.5 237.5
 32.0 237.5
 32.5 237.5
 33.0 237.5
 33.5 237.5
 34.0 237.5
 34.5 237.5
 35.0 237.5
 35.5 237.5
 36.0 237.5
 36.5 237.5
 37.0 237.5
 37.5 237.5
 38.0 237.5
 38.5 237.5
 39.0 237.5
 39.5 237.5
 40.0 237.5
 40.5 237.5
 41.0 237.5
 41.5 237.5
 42.0 237.5
 42.5 237.5
 43.0 237.5
 43.5 237.5
 44.0 237.5
 44.5 237.5
 45.0 237.5
 45.5 237.5
 46.0 237.5
 46.5 237.5
 47.0 237.5
 47.5 237.5
 48.0 237.5
 48.5 237.5
 49.0 237.5
 49.5 237.5
 50.0 237.5
 25.5 238.0
 26.0 238.0
 26.5 238.0
 27.0 238.0
 27.5 238.0
 28.0 238.0
 28.5 238.0
 29.0 238.0
 29.5 238.0
 30.0 238.0
 30.5 238.0
 31.0 238.0
 31.5 238.0
 32.0 238.0
 32.5 238.0
 33.0 238.0
 33.5 238.0
 34.0 238.0
 34.5 238.0
 35.0 238.0
 35.5 238.0
 36.0 238.0
 36.5 238.0
 37.0 238.0
 37.5 238.0
 38.0 238.0
 38.5 238.0
 39.0 238.0
 39.5 238.0
 40.0 238.0
 40.5 238.0
 41.0 238.0
 41.5 238.0
 42.0 238.0
 42.5 238.0
 43.0 238.0
 43.5 238.0
 44.0 238.0
 44.5 238.0
 45.0 238.0
 45.5 238.0
 46.0 238.0
 46.5 238.0
 47.0 238.0
 47.5 238.0
 48.0 238.0
 48.5 238.0
 49.0 238.0
 49.5 238.0
 50.0 238.0
 25.5 238.5
 26.0 238.5
 26.5 238.5
 27.0 238.5
 27.5 238.5
 28.0 238.5
 28.5 238.5
 29.0 238.5
 29.5 238.5
 30.0 238.5
 30.5 238.5
 31.0 238.5
 31.5 238.5
 32.0 238.5
 32.5 238.5
 33.0 238.5
 33.5 238.5
 34.0 238.5
 34.5 238.5
 35.0 238.5
 35.5 238.5
 36.0 238.5
 36.5 238.5
 37.0 238.5
 37.5 238.5
 38.0 238.5
 38.5 238.5
 39.0 238.5
 39.5 238.5
 40.0 238.5
 40.5 238.5
 41.0 238.5
 41.5 238.5
 42.0 238.5
 42.5 238.5
 43.0 238.5
 43.5 238.5
 44.0 238.5
 44.5 238.5
 45.0 238.5
 45.5 238.5
 46.0 238.5
 46.5 238.5
 47.0 238.5
 47.5 238.5
 48.0 238.5
 48.5 238.5
 49.0 238.5
 49.5 238.5
 50.0 238.5
 25.5 239.0
 26.0 239.0
 26.5 239.0
 27.0 239.0
 27.5 239.0
 28.0 239.0
 28.5 239.0
 29.0 239.0
 29.5 239.0
 30.0 239.0
 30.5 239.0
 31.0 239.0
 31.5 239.0
 32.0 239.0
 32.5 239.0
 33.0 239.0
 33.5 239.0
 34.0 239.0
 34.5 239.0
 35.0 239.0
 35.5 239.0
 36.0 239.0
 36.5 239.0
 37.0 239.0
 37.5 239.0
 38.0 239.0
 38.5 239.0
 39.0 239.0
 39.5 239.0
 40.0 239.0
 40.5 239.0
 41.0 239.0
 41.5 239.0
 42.0 239.0
 42.5 239.0
 43.0 239.0
 43.5 239.0
 44.0 239.0
 44.5 239.0
 45.0 239.0
 45.5 239.0
 46.0 239.0
 46.5 239.0
 47.0 239.0
 47.5 239.0
 48.0 239.0
 48.5 239.0
 49.0 239.0
 49.5 239.0
 50.0 239.0
 25.5 239.5
 26.0 239.5
 26.5 239.5
 27.0 239.5
 27.5 239.5
 28.0 239.5
 28.5 239.5
 29.0 239.5
 29.5 239.5
 30.0 239.5
 30.5 239.5
 31.0 239.5
 31.5 239.5
 32.0 239.5
 32.5 239.5
 33.0 239.5
 33.5 239.5
 34.0 239.5
 34.5 239.5
 35.0 239.5
 35.5 239.5
 36.0 239.5
 36.5 239.5
 37.0 239.5
 37.5 239.5
 38.0 239.5
 38.5 239.5
 39.0 239.5
 39.5 239.5
 40.0 239.5
 40.5 239.5
 41.0 239.5
 41.5 239.5
 42.0 239.5
 42.5 239.5
 43.0 239.5
 43.5 239.5
 44.0 239.5
 44.5 239.5
 45.0 239.5
 45.5 239.5
 46.0 239.5
 46.5 239.5
 47.0 239.5
 47.5 239.5
 48.0 239.5
 48.5 239.5
 49.0 239.5
 49.5 239.5
 50.0 239.5
 25.5 240.0
 26.0 240.0
 26.5 240.0
 27.0 240.0
 27.5 240.0
 28.0 240.0
 28.5 240.0
 29.0 240.0
 29.5 240.0
 30.0 240.0
 30.5 240.0
 31.0 240.0
 31.5 240.0
 32.0 240.0
 32.5 240.0
 33.0 240.0
 33.5 240.0
 34.0 240.0
 34.5 240.0
 35.0 240.0
 35.5 240.0
 36.0 240.0
 36.5 240.0
 37.0 240.0
 37.5 240.0
 38.0 240.0
 38.5 240.0
 39.0 240.0
 39.5 240.0
 40.0 240.0
 40.5 240.0
 41.0 240.0
 41.5 240.0
 42.0 240.0
 42.5 240.0
 43.0 240.0
 43.5 240.0
 44.0 240.0
 44.5 240.0
 45.0 240.0
 45.5 240.0
 46.0 240.0
 46.5 240.0
 47.0 240.0
 47.5 240.0
 48.0 240.0
 48.5 240.0
 49.0 240.0
 49.5 240.0
 50.0 240.0
 25.5 240.5
 26.0 240.5
 26.5 240.5
 27.0 240.5
 27.5 240.5
 28.0 240.5
 28.5 240.5
 29.0 240.5
 29.5 240.5
 30.0 240.5
 30.5 240.5
 31.0 240.5
 31.5 240.5
 32.0 240.5
 32.5 240.5
 33.0 240.5
 33.5 240.5
 34.0 240.5
 34.5 240.5
 35.0 240.5
 35.5 240.5
 36.0 240.5
 36.5 240.5
 37.0 240.5
 37.5 240.5
 38.0 240.5
 38.5 240.5
 39.0 240.5
 39.5 240.5
 40.0 240.5
 40.5 240.5
 41.0 240.5
 41.5 240.5
 42.0 240.5
 42.5 240.5
 43.0 240.5
 43.5 240.5
 44.0 240.5
 44.5 240.5
 45.0 240.5
 45.5 240.5
 46.0 240.5
 46.5 240.5
 47.0 240.5
 47.5 240.5
 48.0 240.5
 48.5 240.5
 49.0 240.5
 49.5 240.5
 50.0 240.5
 25.5 241.0
 26.0 241.0
 26.5 241.0
 27.0 241.0
 27.5 241.0
 28.0 241.0
 28.5 241.0
 29.0 241.0
 29.5 241.0
 30.0 241.0
 30.5 241.0
 31.0 241.0
 31.5 241.0
 32.0 241.0
 32.5 241.0
 33.0 241.0
 33.5 241.0
 34.0 241.0
 34.5 241.0
 35.0 241.0
 35.5 241.0
 36.0 241.0
 36.5 241.0
 37.0 241.0
 37.5 241.0
 38.0 241.0
 38.5 241.0
 39.0 241.0
 39.5 241.0
 40.0 241.0
 40.5 241.0
 41.0 241.0
 41.5 241.0
 42.0 241.0
 42.5 241.0
 43.0 241.0
 43.5 241.0
 44.0 241.0
 44.5 241.0
 45.0 241.0
 45.5 241.0
 46.0 241.0
 46.5 241.0
 47.0 241.0
 47.5 241.0
 48.0 241.0
 48.5 241.0
 49.0 241.0
 49.5 241.0
 50.0 241.0
 25.5 241.5
 26.0 241.5
 26.5 241.5
 27.0 241.5
 27.5 241.5
 28.0 241.5
 28.5 241.5
 29.0 241.5
 29.5 241.5
 30.0 241.5
 30.5 241.5
 31.0 241.5
 31.5 241.5
 32.0 241.5
 32.5 241.5
 33.0 241.5
 33.5 241.5
 34.0 241.5
 34.5 241.5
 35.0 241.5
 35.5 241.5
 36.0 241.5
 36.5 241.5
 37.0 241.5
 37.5 241.5
 38.0 241.5
 38.5 241.5
 39.0 241.5
 39.5 241.5
 40.0 241.5
 40.5 241.5
 41.0 241.5
 41.5 241.5
 42.0 241.5
 42.5 241.5
 43.0 241.5
 43.5 241.5
 44.0 241.5
 44.5 241.5
 45.0 241.5
 45.5 241.5
 46.0 241.5
 46.5 241.5
 47.0 241.5
 47.5 241.5
 48.0 241.5
 48.5 241.5
 49.0 241.5
 49.5 241.5
 50.0 241.5
 25.5 242.0
 26.0 242.0
 26.5 242.0
 27.0 242.0
 27.5 242.0
 28.0 242.0
 28.5 242.0
 29.0 242.0
 29.5 242.0
 30.0 242.0
 30.5 242.0
 31.0 242.0
 31.5 242.0
 32.0 242.0
 32.5 242.0
 33.0 242.0
 33.5 242.0
 34.0 242.0
 34.5 242.0
 35.0 242.0
 35.5 242.0
 36.0 242.0
 36.5 242.0
 37.0 242.0
 37.5 242.0
 38.0 242.0
 38.5 242.0
 39.0 242.0
 39.5 242.0
 40.0 242.0
 40.5 242.0
 41.0 242.0
 41.5 242.0
 42.0 242.0
 42.5 242.0
 43.0 242.0
 43.5 242.0
 44.0 242.0
 44.5 242.0
 45.0 242.0
 45.5 242.0
 46.0 242.0
 46.5 242.0
 47.0 242.0
 47.5 242.0
 48.0 242.0
 48.5 242.0
 49.0 242.0
 49.5 242.0
 50.0 242.0
 25.5 242.5
 26.0 242.5
 26.5 242.5
 27.0 242.5
 27.5 242.5
 28.0 242.5
 28.5 242.5
 29.0 242.5
 29.5 242.5
 30.0 242.5
 30.5 242.5
 31.0 242.5
 31.5 242.5
 32.0 242.5
 32.5 242.5
 33.0 242.5
 33.5 242.5
 34.0 242.5
 34.5 242.5
 35.0 242.5
 35.5 242.5
 36.0 242.5
 36.5 242.5
 37.0 242.5
 37.5 242.5
 38.0 242.5
 38.5 242.5
 39.0 242.5
 39.5 242.5
 40.0 242.5
 40.5 242.5
 41.0 242.5
 41.5 242.5
 42.0 242.5
 42.5 242.5
 43.0 242.5
 43.5 242.5
 44.0 242.5
 44.5 242.5
 45.0 242.5
 45.5 242.5
 46.0 242.5
 46.5 242.5
 47.0 242.5
 47.5 242.5
 48.0 242.5
 48.5 242.5
 49.0 242.5
 49.5 242.5
 50.0 242.5
 25.5 243.0
 26.0 243.0
 26.5 243.0
 27.0 243.0
 27.5 243.0
 28.0 243.0
 28.5 243.0
 29.0 243.0
 29.5 243.0
 30.0 243.0
 30.5 243.0
 31.0 243.0
 31.5 243.0
 32.0 243.0
 32.5 243.0
 33.0 243.0
 33.5 243.0
 34.0 243.0
 34.5 243.0
 35.0 243.0
 35.5 243.0
 36.0 243.0
 36.5 243.0
 37.0 243.0
 37.5 243.0
 38.0 243.0
 38.5 243.0
 39.0 243.0
 39.5 243.0
 40.0 243.0
 40.5 243.0
 41.0 243.0
 41.5 243.0
 42.0 243.0
 42.5 243.0
 43.0 243.0
 43.5 243.0
 44.0 243.0
 44.5 243.0
 45.0 243.0
 45.5 243.0
 46.0 243.0
 46.5 243.0
 47.0 243.0
 47.5 243.0
 48.0 243.0
 48.5 243.0
 49.0 243.0
 49.5 243.0
 50.0 243.0
 25.5 243.5
 26.0 243.5
 26.5 243.5
 27.0 243.5
 27.5 243.5
 28.0 243.5
 28.5 243.5
 29.0 243.5
 29.5 243.5
 30.0 243.5
 30.5 243.5
 31.0 243.5
 31.5 243.5
 32.0 243.5
 32.5 243.5
 33.0 243.5
 33.5 243.5
 34.0 243.5
 34.5 243.5
 35.0 243.5
 35.5 243.5
 36.0 243.5
 36.5 243.5
 37.0 243.5
 37.5 243.5
 38.0 243.5
 38.5 243.5
 39.0 243.5
 39.5 243.5
 40.0 243.5
 40.5 243.5
 41.0 243.5
 41.5 243.5
 42.0 243.5
 42.5 243.5
 43.0 243.5
 43.5 243.5
 44.0 243.5
 44.5 243.5
 45.0 243.5
 45.5 243.5
 46.0 243.5
 46.5 243.5
 47.0 243.5
 47.5 243.5
 48.0 243.5
 48.5 243.5
 49.0 243.5
 49.5 243.5
 50.0 243.5
 25.5 244.0
 26.0 244.0
 26.5 244.0
 27.0 244.0
 27.5 244.0
 28.0 244.0
 28.5 244.0
 29.0 244.0
 29.5 244.0
 30.0 244.0
 30.5 244.0
 31.0 244.0
 31.5 244.0
 32.0 244.0
 32.5 244.0
 33.0 244.0
 33.5 244.0
 34.0 244.0
 34.5 244.0
 35.0 244.0
 35.5 244.0
 36.0 244.0
 36.5 244.0
 37.0 244.0
 37.5 244.0
 38.0 244.0
 38.5 244.0
 39.0 244.0
 39.5 244.0
 40.0 244.0
 40.5 244.0
 41.0 244.0
 41.5 244.0
 42.0 244.0
 42.5 244.0
 43.0 244.0
 43.5 244.0
 44.0 244.0
 44.5 244.0
 45.0 244.0
 45.5 244.0
 46.0 244.0
 46.5 244.0
 47.0 244.0
 47.5 244.0
 48.0 244.0
 48.5 244.0
 49.0 244.0
 49.5 244.0
 50.0 244.0
 25.5 244.5
 26.0 244.5
 26.5 244.5
 27.0 244.5
 27.5 244.5
 28.0 244.5
 28.5 244.5
 29.0 244.5
 29.5 244.5
 30.0 244.5
 30.5 244.5
 31.0 244.5
 31.5 244.5
 32.0 244.5
 32.5 244.5
 33.0 244.5
 33.5 244.5
 34.0 244.5
 34.5 244.5
 35.0 244.5
 35.5 244.5
 36.0 244.5
 36.5 244.5
 37.0 244.5
 37.5 244.5
 38.0 244.5
 38.5 244.5
 39.0 244.5
 39.5 244.5
 40.0 244.5
 40.5 244.5
 41.0 244.5
 41.5 244.5
 42.0 244.5
 42.5 244.5
 43.0 244.5
 43.5 244.5
 44.0 244.5
 44.5 244.5
 45.0 244.5
 45.5 244.5
 46.0 244.5
 46.5 244.5
 47.0 244.5
 47.5 244.5
 48.0 244.5
 48.5 244.5
 49.0 244.5
 49.5 244.5
 50.0 244.5
 25.5 245.0
 26.0 245.0
 26.5 245.0
 27.0 245.0
 27.5 245.0
 28.0 245.0
 28.5 245.0
 29.0 245.0
 29.5 245.0
 30.0 245.0
 30.5 245.0
 31.0 245.0
 31.5 245.0
 32.0 245.0
 32.5 245.0
 33.0 245.0
 33.5 245.0
 34.0 245.0
 34.5 245.0
 35.0 245.0
 35.5 245.0
 36.0 245.0
 36.5 245.0
 37.0 245.0
 37.5 245.0
 38.0 245.0
 38.5 245.0
 39.0 245.0
 39.5 245.0
 40.0 245.0
 40.5 245.0
 41.0 245.0
 41.5 245.0
 42.0 245.0
 42.5 245.0
 43.0 245.0
 43.5 245.0
 44.0 245.0
 44.5 245.0
 45.0 245.0
 45.5 245.0
 46.0 245.0
 46.5 245.0
 47.0 245.0
 47.5 245.0
 48.0 245.0
 48.5 245.0
 49.0 245.0
 49.5 245.0
 50.0 245.0
 25.5 245.5
 26.0 245.5
 26.5 245.5
 27.0 245.5
 27.5 245.5
 28.0 245.5
 28.5 245.5
 29.0 245.5
 29.5 245.5
 30.0 245.5
 30.5 245.5
 31.0 245.5
 31.5 245.5
 32.0 245.5
 32.5 245.5
 33.0 245.5
 33.5 245.5
 34.0 245.5
 34.5 245.5
 35.0 245.5
 35.5 245.5
 36.0 245.5
 36.5 245.5
 37.0 245.5
 37.5 245.5
 38.0 245.5
 38.5 245.5
 39.0 245.5
 39.5 245.5
 40.0 245.5
 40.5 245.5
 41.0 245.5
 41.5 245.5
 42.0 245.5
 42.5 245.5
 43.0 245.5
 43.5 245.5
 44.0 245.5
 44.5 245.5
 45.0 245.5
 45.5 245.5
 46.0 245.5
 46.5 245.5
 47.0 245.5
 47.5 245.5
 48.0 245.5
 48.5 245.5
 49.0 245.5
 49.5 245.5
 50.0 245.5
 25.5 246.0
 26.0 246.0
 26.5 246.0
 27.0 246.0
 27.5 246.0
 28.0 246.0
 28.5 246.0
 29.0 246.0
 29.5 246.0
 30.0 246.0
 30.5 246.0
 31.0 246.0
 31.5 246.0
 32.0 246.0
 32.5 246.0
 33.0 246.0
 33.5 246.0
 34.0 246.0
 34.5 246.0
 35.0 246.0
 35.5 246.0
 36.0 246.0
 36.5 246.0
 37.0 246.0
 37.5 246.0
 38.0 246.0
 38.5 246.0
 39.0 246.0
 39.5 246.0
 40.0 246.0
 40.5 246.0
 41.0 246.0
 41.5 246.0
 42.0 246.0
 42.5 246.0
 43.0 246.0
 43.5 246.0
 44.0 246.0
 44.5 246.0
 45.0 246.0
 45.5 246.0
 46.0 246.0
 46.5 246.0
 47.0 246.0
 47.5 246.0
 48.0 246.0
 48.5 246.0
 49.0 246.0
 49.5 246.0
 50.0 246.0
 25.5 246.5
 26.0 246.5
 26.5 246.5
 27.0 246.5
 27.5 246.5
 28.0 246.5
 28.5 246.5
 29.0 246.5
 29.5 246.5
 30.0 246.5
 30.5 246.5
 31.0 246.5
 31.5 246.5
 32.0 246.5
 32.5 246.5
 33.0 246.5
 33.5 246.5
 34.0 246.5
 34.5 246.5
 35.0 246.5
 35.5 246.5
 36.0 246.5
 36.5 246.5
 37.0 246.5
 37.5 246.5
 38.0 246.5
 38.5 246.5
 39.0 246.5
 39.5 246.5
 40.0 246.5
 40.5 246.5
 41.0 246.5
 41.5 246.5
 42.0 246.5
 42.5 246.5
 43.0 246.5
 43.5 246.5
 44.0 246.5
 44.5 246.5
 45.0 246.5
 45.5 246.5
 46.0 246.5
 46.5 246.5
 47.0 246.5
 47.5 246.5
 48.0 246.5
 48.5 246.5
 49.0 246.5
 49.5 246.5
 50.0 246.5
 25.5 247.0
 26.0 247.0
 26.5 247.0
 27.0 247.0
 27.5 247.0
 28.0 247.0
 28.5 247.0
 29.0 247.0
 29.5 247.0
 30.0 247.0
 30.5 247.0
 31.0 247.0
 31.5 247.0
 32.0 247.0
 32.5 247.0
 33.0 247.0
 33.5 247.0
 34.0 247.0
 34.5 247.0
 35.0 247.0
 35.5 247.0
 36.0 247.0
 36.5 247.0
 37.0 247.0
 37.5 247.0
 38.0 247.0
 38.5 247.0
 39.0 247.0
 39.5 247.0
 40.0 247.0
 40.5 247.0
 41.0 247.0
 41.5 247.0
 42.0 247.0
 42.5 247.0
 43.0 247.0
 43.5 247.0
 44.0 247.0
 44.5 247.0
 45.0 247.0
 45.5 247.0
 46.0 247.0
 46.5 247.0
 47.0 247.0
 47.5 247.0
 48.0 247.0
 48.5 247.0
 49.0 247.0
 49.5 247.0
 50.0 247.0
 25.5 247.5
 26.0 247.5
 26.5 247.5
 27.0 247.5
 27.5 247.5
 28.0 247.5
 28.5 247.5
 29.0 247.5
 29.5 247.5
 30.0 247.5
 30.5 247.5
 31.0 247.5
 31.5 247.5
 32.0 247.5
 32.5 247.5
 33.0 247.5
 33.5 247.5
 34.0 247.5
 34.5 247.5
 35.0 247.5
 35.5 247.5
 36.0 247.5
 36.5 247.5
 37.0 247.5
 37.5 247.5
 38.0 247.5
 38.5 247.5
 39.0 247.5
 39.5 247.5
 40.0 247.5
 40.5 247.5
 41.0 247.5
 41.5 247.5
 42.0 247.5
 42.5 247.5
 43.0 247.5
 43.5 247.5
 44.0 247.5
 44.5 247.5
 45.0 247.5
 45.5 247.5
 46.0 247.5
 46.5 247.5
 47.0 247.5
 47.5 247.5
 48.0 247.5
 48.5 247.5
 49.0 247.5
 49.5 247.5
 50.0 247.5
 25.5 248.0
 26.0 248.0
 26.5 248.0
 27.0 248.0
 27.5 248.0
 28.0 248.0
 28.5 248.0
 29.0 248.0
 29.5 248.0
 30.0 248.0
 30.5 248.0
 31.0 248.0
 31.5 248.0
 32.0 248.0
 32.5 248.0
 33.0 248.0
 33.5 248.0
 34.0 248.0
 34.5 248.0
 35.0 248.0
 35.5 248.0
 36.0 248.0
 36.5 248.0
 37.0 248.0
 37.5 248.0
 38.0 248.0
 38.5 248.0
 39.0 248.0
 39.5 248.0
 40.0 248.0
 40.5 248.0
 41.0 248.0
 41.5 248.0
 42.0 248.0
 42.5 248.0
 43.0 248.0
 43.5 248.0
 44.0 248.0
 44.5 248.0
 45.0 248.0
 45.5 248.0
 46.0 248.0
 46.5 248.0
 47.0 248.0
 47.5 248.0
 48.0 248.0
 48.5 248.0
 49.0 248.0
 49.5 248.0
 50.0 248.0
 25.5 248.5
 26.0 248.5
 26.5 248.5
 27.0 248.5
 27.5 248.5
 28.0 248.5
 28.5 248.5
 29.0 248.5
 29.5 248.5
 30.0 248.5
 30.5 248.5
 31.0 248.5
 31.5 248.5
 32.0 248.5
 32.5 248.5
 33.0 248.5
 33.5 248.5
 34.0 248.5
 34.5 248.5
 35.0 248.5
 35.5 248.5
 36.0 248.5
 36.5 248.5
 37.0 248.5
 37.5 248.5
 38.0 248.5
 38.5 248.5
 39.0 248.5
 39.5 248.5
 40.0 248.5
 40.5 248.5
 41.0 248.5
 41.5 248.5
 42.0 248.5
 42.5 248.5
 43.0 248.5
 43.5 248.5
 44.0 248.5
 44.5 248.5
 45.0 248.5
 45.5 248.5
 46.0 248.5
 46.5 248.5
 47.0 248.5
 47.5 248.5
 48.0 248.5
 48.5 248.5
 49.0 248.5
 49.5 248.5
 50.0 248.5
 25.5 249.0
 26.0 249.0
 26.5 249.0
 27.0 249.0
 27.5 249.0
 28.0 249.0
 28.5 249.0
 29.0 249.0
 29.5 249.0
 30.0 249.0
 30.5 249.0
 31.0 249.0
 31.5 249.0
 32.0 249.0
 32.5 249.0
 33.0 249.0
 33.5 249.0
 34.0 249.0
 34.5 249.0
 35.0 249.0
 35.5 249.0
 36.0 249.0
 36.5 249.0
 37.0 249.0
 37.5 249.0
 38.0 249.0
 38.5 249.0
 39.0 249.0
 39.5 249.0
 40.0 249.0
 40.5 249.0
 41.0 249.0
 41.5 249.0
 42.0 249.0
 42.5 249.0
 43.0 249.0
 43.5 249.0
 44.0 249.0
 44.5 249.0
 45.0 249.0
 45.5 249.0
 46.0 249.0
 46.5 249.0
 47.0 249.0
 47.5 249.0
 48.0 249.0
 48.5 249.0
 49.0 249.0
 49.5 249.0
 50.0 249.0
 25.5 249.5
 26.0 249.5
 26.5 249.5
 27.0 249.5
 27.5 249.5
 28.0 249.5
 28.5 249.5
 29.0 249.5
 29.5 249.5
 30.0 249.5
 30.5 249.5
 31.0 249.5
 31.5 249.5
 32.0 249.5
 32.5 249.5
 33.0 249.5
 33.5 249.5
 34.0 249.5
 34.5 249.5
 35.0 249.5
 35.5 249.5
 36.0 249.5
 36.5 249.5
 37.0 249.5
 37.5 249.5
 38.0 249.5
 38.5 249.5
 39.0 249.5
 39.5 249.5
 40.0 249.5
 40.5 249.5
 41.0 249.5
 41.5 249.5
 42.0 249.5
 42.5 249.5
 43.0 249.5
 43.5 249.5
 44.0 249.5
 44.5 249.5
 45.0 249.5
 45.5 249.5
 46.0 249.5
 46.5 249.5
 47.0 249.5
 47.5 249.5
 48.0 249.5
 48.5 249.5
 49.0 249.5
 49.5 249.5
 50.0 249.5
 25.5 250.0
 26.0 250.0
 26.5 250.0
 27.0 250.0
 27.5 250.0
 28.0 250.0
 28.5 250.0
 29.0 250.0
 29.5 250.0
 30.0 250.0
 30.5 250.0
 31.0 250.0
 31.5 250.0
 32.0 250.0
 32.5 250.0
 33.0 250.0
 33.5 250.0
 34.0 250.0
 34.5 250.0
 35.0 250.0
 35.5 250.0
 36.0 250.0
 36.5 250.0
 37.0 250.0
 37.5 250.0
 38.0 250.0
 38.5 250.0
 39.0 250.0
 39.5 250.0
 40.0 250.0
 40.5 250.0
 41.0 250.0
 41.5 250.0
 42.0 250.0
 42.5 250.0
 43.0 250.0
 43.5 250.0
 44.0 250.0
 44.5 250.0
 45.0 250.0
 45.5 250.0
 46.0 250.0
 46.5 250.0
 47.0 250.0
 47.5 250.0
 48.0 250.0
 48.5 250.0
 49.0 250.0
 49.5 250.0
 50.0 250.0
 25.5 250.5
 26.0 250.5
 26.5 250.5
 27.0 250.5
 27.5 250.5
 28.0 250.5
 28.5 250.5
 29.0 250.5
 29.5 250.5
 30.0 250.5
 30.5 250.5
 31.0 250.5
 31.5 250.5
 32.0 250.5
 32.5 250.5
 33.0 250.5
 33.5 250.5
 34.0 250.5
 34.5 250.5
 35.0 250.5
 35.5 250.5
 36.0 250.5
 36.5 250.5
 37.0 250.5
 37.5 250.5
 38.0 250.5
 38.5 250.5
 39.0 250.5
 39.5 250.5
 40.0 250.5
 40.5 250.5
 41.0 250.5
 41.5 250.5
 42.0 250.5
 42.5 250.5
 43.0 250.5
 43.5 250.5
 44.0 250.5
 44.5 250.5
 45.0 250.5
 45.5 250.5
 46.0 250.5
 46.5 250.5
 47.0 250.5
 47.5 250.5
 48.0 250.5
 48.5 250.5
 49.0 250.5
 49.5 250.5
 50.0 250.5
 25.5 251.0
 26.0 251.0
 26.5 251.0
 27.0 251.0
 27.5 251.0
 28.0 251.0
 28.5 251.0
 29.0 251.0
 29.5 251.0
 30.0 251.0
 30.5 251.0
 31.0 251.0
 31.5 251.0
 32.0 251.0
 32.5 251.0
 33.0 251.0
 33.5 251.0
 34.0 251.0
 34.5 251.0
 35.0 251.0
 35.5 251.0
 36.0 251.0
 36.5 251.0
 37.0 251.0
 37.5 251.0
 38.0 251.0
 38.5 251.0
 39.0 251.0
 39.5 251.0
 40.0 251.0
 40.5 251.0
 41.0 251.0
 41.5 251.0
 42.0 251.0
 42.5 251.0
 43.0 251.0
 43.5 251.0
 44.0 251.0
 44.5 251.0
 45.0 251.0
 45.5 251.0
 46.0 251.0
 46.5 251.0
 47.0 251.0
 47.5 251.0
 48.0 251.0
 48.5 251.0
 49.0 251.0
 49.5 251.0
 50.0 251.0
 25.5 251.5
 26.0 251.5
 26.5 251.5
 27.0 251.5
 27.5 251.5
 28.0 251.5
 28.5 251.5
 29.0 251.5
 29.5 251.5
 30.0 251.5
 30.5 251.5
 31.0 251.5
 31.5 251.5
 32.0 251.5
 32.5 251.5
 33.0 251.5
 33.5 251.5
 34.0 251.5
 34.5 251.5
 35.0 251.5
 35.5 251.5
 36.0 251.5
 36.5 251.5
 37.0 251.5
 37.5 251.5
 38.0 251.5
 38.5 251.5
 39.0 251.5
 39.5 251.5
 40.0 251.5
 40.5 251.5
 41.0 251.5
 41.5 251.5
 42.0 251.5
 42.5 251.5
 43.0 251.5
 43.5 251.5
 44.0 251.5
 44.5 251.5
 45.0 251.5
 45.5 251.5
 46.0 251.5
 46.5 251.5
 47.0 251.5
 47.5 251.5
 48.0 251.5
 48.5 251.5
 49.0 251.5
 49.5 251.5
 50.0 251.5
 25.5 252.0
 26.0 252.0
 26.5 252.0
 27.0 252.0
 27.5 252.0
 28.0 252.0
 28.5 252.0
 29.0 252.0
 29.5 252.0
 30.0 252.0
 30.5 252.0
 31.0 252.0
 31.5 252.0
 32.0 252.0
 32.5 252.0
 33.0 252.0
 33.5 252.0
 34.0 252.0
 34.5 252.0
 35.0 252.0
 35.5 252.0
 36.0 252.0
 36.5 252.0
 37.0 252.0
 37.5 252.0
 38.0 252.0
 38.5 252.0
 39.0 252.0
 39.5 252.0
 40.0 252.0
 40.5 252.0
 41.0 252.0
 41.5 252.0
 42.0 252.0
 42.5 252.0
 43.0 252.0
 43.5 252.0
 44.0 252.0
 44.5 252.0
 45.0 252.0
 45.5 252.0
 46.0 252.0
 46.5 252.0
 47.0 252.0
 47.5 252.0
 48.0 252.0
 48.5 252.0
 49.0 252.0
 49.5 252.0
 50.0 252.0
 25.5 252.5
 26.0 252.5
 26.5 252.5
 27.0 252.5
 27.5 252.5
 28.0 252.5
 28.5 252.5
 29.0 252.5
 29.5 252.5
 30.0 252.5
 30.5 252.5
 31.0 252.5
 31.5 252.5
 32.0 252.5
 32.5 252.5
 33.0 252.5
 33.5 252.5
 34.0 252.5
 34.5 252.5
 35.0 252.5
 35.5 252.5
 36.0 252.5
 36.5 252.5
 37.0 252.5
 37.5 252.5
 38.0 252.5
 38.5 252.5
 39.0 252.5
 39.5 252.5
 40.0 252.5
 40.5 252.5
 41.0 252.5
 41.5 252.5
 42.0 252.5
 42.5 252.5
 43.0 252.5
 43.5 252.5
 44.0 252.5
 44.5 252.5
 45.0 252.5
 45.5 252.5
 46.0 252.5
 46.5 252.5
 47.0 252.5
 47.5 252.5
 48.0 252.5
 48.5 252.5
 49.0 252.5
 49.5 252.5
 50.0 252.5
 25.5 253.0
 26.0 253.0
 26.5 253.0
 27.0 253.0
 27.5 253.0
 28.0 253.0
 28.5 253.0
 29.0 253.0
 29.5 253.0
 30.0 253.0
 30.5 253.0
 31.0 253.0
 31.5 253.0
 32.0 253.0
 32.5 253.0
 33.0 253.0
 33.5 253.0
 34.0 253.0
 34.5 253.0
 35.0 253.0
 35.5 253.0
 36.0 253.0
 36.5 253.0
 37.0 253.0
 37.5 253.0
 38.0 253.0
 38.5 253.0
 39.0 253.0
 39.5 253.0
 40.0 253.0
 40.5 253.0
 41.0 253.0
 41.5 253.0
 42.0 253.0
 42.5 253.0
 43.0 253.0
 43.5 253.0
 44.0 253.0
 44.5 253.0
 45.0 253.0
 45.5 253.0
 46.0 253.0
 46.5 253.0
 47.0 253.0
 47.5 253.0
 48.0 253.0
 48.5 253.0
 49.0 253.0
 49.5 253.0
 50.0 253.0
 25.5 253.5
 26.0 253.5
 26.5 253.5
 27.0 253.5
 27.5 253.5
 28.0 253.5
 28.5 253.5
 29.0 253.5
 29.5 253.5
 30.0 253.5
 30.5 253.5
 31.0 253.5
 31.5 253.5
 32.0 253.5
 32.5 253.5
 33.0 253.5
 33.5 253.5
 34.0 253.5
 34.5 253.5
 35.0 253.5
 35.5 253.5
 36.0 253.5
 36.5 253.5
 37.0 253.5
 37.5 253.5
 38.0 253.5
 38.5 253.5
 39.0 253.5
 39.5 253.5
 40.0 253.5
 40.5 253.5
 41.0 253.5
 41.5 253.5
 42.0 253.5
 42.5 253.5
 43.0 253.5
 43.5 253.5
 44.0 253.5
 44.5 253.5
 45.0 253.5
 45.5 253.5
 46.0 253.5
 46.5 253.5
 47.0 253.5
 47.5 253.5
 48.0 253.5
 48.5 253.5
 49.0 253.5
 49.5 253.5
 50.0 253.5
 25.5 254.0
 26.0 254.0
 26.5 254.0
 27.0 254.0
 27.5 254.0
 28.0 254.0
 28.5 254.0
 29.0 254.0
 29.5 254.0
 30.0 254.0
 30.5 254.0
 31.0 254.0
 31.5 254.0
 32.0 254.0
 32.5 254.0
 33.0 254.0
 33.5 254.0
 34.0 254.0
 34.5 254.0
 35.0 254.0
 35.5 254.0
 36.0 254.0
 36.5 254.0
 37.0 254.0
 37.5 254.0
 38.0 254.0
 38.5 254.0
 39.0 254.0
 39.5 254.0
 40.0 254.0
 40.5 254.0
 41.0 254.0
 41.5 254.0
 42.0 254.0
 42.5 254.0
 43.0 254.0
 43.5 254.0
 44.0 254.0
 44.5 254.0
 45.0 254.0
 45.5 254.0
 46.0 254.0
 46.5 254.0
 47.0 254.0
 47.5 254.0
 48.0 254.0
 48.5 254.0
 49.0 254.0
 49.5 254.0
 50.0 254.0
 25.5 254.5
 26.0 254.5
 26.5 254.5
 27.0 254.5
 27.5 254.5
 28.0 254.5
 28.5 254.5
 29.0 254.5
 29.5 254.5
 30.0 254.5
 30.5 254.5
 31.0 254.5
 31.5 254.5
 32.0 254.5
 32.5 254.5
 33.0 254.5
 33.5 254.5
 34.0 254.5
 34.5 254.5
 35.0 254.5
 35.5 254.5
 36.0 254.5
 36.5 254.5
 37.0 254.5
 37.5 254.5
 38.0 254.5
 38.5 254.5
 39.0 254.5
 39.5 254.5
 40.0 254.5
 40.5 254.5
 41.0 254.5
 41.5 254.5
 42.0 254.5
 42.5 254.5
 43.0 254.5
 43.5 254.5
 44.0 254.5
 44.5 254.5
 45.0 254.5
 45.5 254.5
 46.0 254.5
 46.5 254.5
 47.0 254.5
 47.5 254.5
 48.0 254.5
 48.5 254.5
 49.0 254.5
 49.5 254.5
 50.0 254.5
 25.5 255.0
 26.0 255.0
 26.5 255.0
 27.0 255.0
 27.5 255.0
 28.0 255.0
 28.5 255.0
 29.0 255.0
 29.5 255.0
 30.0 255.0
 30.5 255.0
 31.0 255.0
 31.5 255.0
 32.0 255.0
 32.5 255.0
 33.0 255.0
 33.5 255.0
 34.0 255.0
 34.5 255.0
 35.0 255.0
 35.5 255.0
 36.0 255.0
 36.5 255.0
 37.0 255.0
 37.5 255.0
 38.0 255.0
 38.5 255.0
 39.0 255.0
 39.5 255.0
 40.0 255.0
 40.5 255.0
 41.0 255.0
 41.5 255.0
 42.0 255.0
 42.5 255.0
 43.0 255.0
 43.5 255.0
 44.0 255.0
 44.5 255.0
 45.0 255.0
 45.5 255.0
 46.0 255.0
 46.5 255.0
 47.0 255.0
 47.5 255.0
 48.0 255.0
 48.5 255.0
 49.0 255.0
 49.5 255.0
 50.0 255.0
 25.5 255.5
 26.0 255.5
 26.5 255.5
 27.0 255.5
 27.5 255.5
 28.0 255.5
 28.5 255.5
 29.0 255.5
 29.5 255.5
 30.0 255.5
 30.5 255.5
 31.0 255.5
 31.5 255.5
 32.0 255.5
 32.5 255.5
 33.0 255.5
 33.5 255.5
 34.0 255.5
 34.5 255.5
 35.0 255.5
 35.5 255.5
 36.0 255.5
 36.5 255.5
 37.0 255.5
 37.5 255.5
 38.0 255.5
 38.5 255.5
 39.0 255.5
 39.5 255.5
 40.0 255.5
 40.5 255.5
 41.0 255.5
 41.5 255.5
 42.0 255.5
 42.5 255.5
 43.0 255.5
 43.5 255.5
 44.0 255.5
 44.5 255.5
 45.0 255.5
 45.5 255.5
 46.0 255.5
 46.5 255.5
 47.0 255.5
 47.5 255.5
 48.0 255.5
 48.5 255.5
 49.0 255.5
 49.5 255.5
 50.0 255.5
 25.5 256.0
 26.0 256.0
 26.5 256.0
 27.0 256.0
 27.5 256.0
 28.0 256.0
 28.5 256.0
 29.0 256.0
 29.5 256.0
 30.0 256.0
 30.5 256.0
 31.0 256.0
 31.5 256.0
 32.0 256.0
 32.5 256.0
 33.0 256.0
 33.5 256.0
 34.0 256.0
 34.5 256.0
 35.0 256.0
 35.5 256.0
 36.0 256.0
 36.5 256.0
 37.0 256.0
 37.5 256.0
 38.0 256.0
 38.5 256.0
 39.0 256.0
 39.5 256.0
 40.0 256.0
 40.5 256.0
 41.0 256.0
 41.5 256.0
 42.0 256.0
 42.5 256.0
 43.0 256.0
 43.5 256.0
 44.0 256.0
 44.5 256.0
 45.0 256.0
 45.5 256.0
 46.0 256.0
 46.5 256.0
 47.0 256.0
 47.5 256.0
 48.0 256.0
 48.5 256.0
 49.0 256.0
 49.5 256.0
 50.0 256.0
 25.5 256.5
 26.0 256.5
 26.5 256.5
 27.0 256.5
 27.5 256.5
 28.0 256.5
 28.5 256.5
 29.0 256.5
 29.5 256.5
 30.0 256.5
 30.5 256.5
 31.0 256.5
 31.5 256.5
 32.0 256.5
 32.5 256.5
 33.0 256.5
 33.5 256.5
 34.0 256.5
 34.5 256.5
 35.0 256.5
 35.5 256.5
 36.0 256.5
 36.5 256.5
 37.0 256.5
 37.5 256.5
 38.0 256.5
 38.5 256.5
 39.0 256.5
 39.5 256.5
 40.0 256.5
 40.5 256.5
 41.0 256.5
 41.5 256.5
 42.0 256.5
 42.5 256.5
 43.0 256.5
 43.5 256.5
 44.0 256.5
 44.5 256.5
 45.0 256.5
 45.5 256.5
 46.0 256.5
 46.5 256.5
 47.0 256.5
 47.5 256.5
 48.0 256.5
 48.5 256.5
 49.0 256.5
 49.5 256.5
 50.0 256.5
 25.5 257.0
 26.0 257.0
 26.5 257.0
 27.0 257.0
 27.5 257.0
 28.0 257.0
 28.5 257.0
 29.0 257.0
 29.5 257.0
 30.0 257.0
 30.5 257.0
 31.0 257.0
 31.5 257.0
 32.0 257.0
 32.5 257.0
 33.0 257.0
 33.5 257.0
 34.0 257.0
 34.5 257.0
 35.0 257.0
 35.5 257.0
 36.0 257.0
 36.5 257.0
 37.0 257.0
 37.5 257.0
 38.0 257.0
 38.5 257.0
 39.0 257.0
 39.5 257.0
 40.0 257.0
 40.5 257.0
 41.0 257.0
 41.5 257.0
 42.0 257.0
 42.5 257.0
 43.0 257.0
 43.5 257.0
 44.0 257.0
 44.5 257.0
 45.0 257.0
 45.5 257.0
 46.0 257.0
 46.5 257.0
 47.0 257.0
 47.5 257.0
 48.0 257.0
 48.5 257.0
 49.0 257.0
 49.5 257.0
 50.0 257.0
 25.5 257.5
 26.0 257.5
 26.5 257.5
 27.0 257.5
 27.5 257.5
 28.0 257.5
 28.5 257.5
 29.0 257.5
 29.5 257.5
 30.0 257.5
 30.5 257.5
 31.0 257.5
 31.5 257.5
 32.0 257.5
 32.5 257.5
 33.0 257.5
 33.5 257.5
 34.0 257.5
 34.5 257.5
 35.0 257.5
 35.5 257.5
 36.0 257.5
 36.5 257.5
 37.0 257.5
 37.5 257.5
 38.0 257.5
 38.5 257.5
 39.0 257.5
 39.5 257.5
 40.0 257.5
 40.5 257.5
 41.0 257.5
 41.5 257.5
 42.0 257.5
 42.5 257.5
 43.0 257.5
 43.5 257.5
 44.0 257.5
 44.5 257.5
 45.0 257.5
 45.5 257.5
 46.0 257.5
 46.5 257.5
 47.0 257.5
 47.5 257.5
 48.0 257.5
 48.5 257.5
 49.0 257.5
 49.5 257.5
 50.0 257.5
 25.5 258.0
 26.0 258.0
 26.5 258.0
 27.0 258.0
 27.5 258.0
 28.0 258.0
 28.5 258.0
 29.0 258.0
 29.5 258.0
 30.0 258.0
 30.5 258.0
 31.0 258.0
 31.5 258.0
 32.0 258.0
 32.5 258.0
 33.0 258.0
 33.5 258.0
 34.0 258.0
 34.5 258.0
 35.0 258.0
 35.5 258.0
 36.0 258.0
 36.5 258.0
 37.0 258.0
 37.5 258.0
 38.0 258.0
 38.5 258.0
 39.0 258.0
 39.5 258.0
 40.0 258.0
 40.5 258.0
 41.0 258.0
 41.5 258.0
 42.0 258.0
 42.5 258.0
 43.0 258.0
 43.5 258.0
 44.0 258.0
 44.5 258.0
 45.0 258.0
 45.5 258.0
 46.0 258.0
 46.5 258.0
 47.0 258.0
 47.5 258.0
 48.0 258.0
 48.5 258.0
 49.0 258.0
 49.5 258.0
 50.0 258.0
 25.5 258.5
 26.0 258.5
 26.5 258.5
 27.0 258.5
 27.5 258.5
 28.0 258.5
 28.5 258.5
 29.0 258.5
 29.5 258.5
 30.0 258.5
 30.5 258.5
 31.0 258.5
 31.5 258.5
 32.0 258.5
 32.5 258.5
 33.0 258.5
 33.5 258.5
 34.0 258.5
 34.5 258.5
 35.0 258.5
 35.5 258.5
 36.0 258.5
 36.5 258.5
 37.0 258.5
 37.5 258.5
 38.0 258.5
 38.5 258.5
 39.0 258.5
 39.5 258.5
 40.0 258.5
 40.5 258.5
 41.0 258.5
 41.5 258.5
 42.0 258.5
 42.5 258.5
 43.0 258.5
 43.5 258.5
 44.0 258.5
 44.5 258.5
 45.0 258.5
 45.5 258.5
 46.0 258.5
 46.5 258.5
 47.0 258.5
 47.5 258.5
 48.0 258.5
 48.5 258.5
 49.0 258.5
 49.5 258.5
 50.0 258.5
 25.5 259.0
 26.0 259.0
 26.5 259.0
 27.0 259.0
 27.5 259.0
 28.0 259.0
 28.5 259.0
 29.0 259.0
 29.5 259.0
 30.0 259.0
 30.5 259.0
 31.0 259.0
 31.5 259.0
 32.0 259.0
 32.5 259.0
 33.0 259.0
 33.5 259.0
 34.0 259.0
 34.5 259.0
 35.0 259.0
 35.5 259.0
 36.0 259.0
 36.5 259.0
 37.0 259.0
 37.5 259.0
 38.0 259.0
 38.5 259.0
 39.0 259.0
 39.5 259.0
 40.0 259.0
 40.5 259.0
 41.0 259.0
 41.5 259.0
 42.0 259.0
 42.5 259.0
 43.0 259.0
 43.5 259.0
 44.0 259.0
 44.5 259.0
 45.0 259.0
 45.5 259.0
 46.0 259.0
 46.5 259.0
 47.0 259.0
 47.5 259.0
 48.0 259.0
 48.5 259.0
 49.0 259.0
 49.5 259.0
 50.0 259.0
 25.5 259.5
 26.0 259.5
 26.5 259.5
 27.0 259.5
 27.5 259.5
 28.0 259.5
 28.5 259.5
 29.0 259.5
 29.5 259.5
 30.0 259.5
 30.5 259.5
 31.0 259.5
 31.5 259.5
 32.0 259.5
 32.5 259.5
 33.0 259.5
 33.5 259.5
 34.0 259.5
 34.5 259.5
 35.0 259.5
 35.5 259.5
 36.0 259.5
 36.5 259.5
 37.0 259.5
 37.5 259.5
 38.0 259.5
 38.5 259.5
 39.0 259.5
 39.5 259.5
 40.0 259.5
 40.5 259.5
 41.0 259.5
 41.5 259.5
 42.0 259.5
 42.5 259.5
 43.0 259.5
 43.5 259.5
 44.0 259.5
 44.5 259.5
 45.0 259.5
 45.5 259.5
 46.0 259.5
 46.5 259.5
 47.0 259.5
 47.5 259.5
 48.0 259.5
 48.5 259.5
 49.0 259.5
 49.5 259.5
 50.0 259.5
 25.5 260.0
 26.0 260.0
 26.5 260.0
 27.0 260.0
 27.5 260.0
 28.0 260.0
 28.5 260.0
 29.0 260.0
 29.5 260.0
 30.0 260.0
 30.5 260.0
 31.0 260.0
 31.5 260.0
 32.0 260.0
 32.5 260.0
 33.0 260.0
 33.5 260.0
 34.0 260.0
 34.5 260.0
 35.0 260.0
 35.5 260.0
 36.0 260.0
 36.5 260.0
 37.0 260.0
 37.5 260.0
 38.0 260.0
 38.5 260.0
 39.0 260.0
 39.5 260.0
 40.0 260.0
 40.5 260.0
 41.0 260.0
 41.5 260.0
 42.0 260.0
 42.5 260.0
 43.0 260.0
 43.5 260.0
 44.0 260.0
 44.5 260.0
 45.0 260.0
 45.5 260.0
 46.0 260.0
 46.5 260.0
 47.0 260.0
 47.5 260.0
 48.0 260.0
 48.5 260.0
 49.0 260.0
 49.5 260.0
 50.0 260.0
 25.5 260.5
 26.0 260.5
 26.5 260.5
 27.0 260.5
 27.5 260.5
 28.0 260.5
 28.5 260.5
 29.0 260.5
 29.5 260.5
 30.0 260.5
 30.5 260.5
 31.0 260.5
 31.5 260.5
 32.0 260.5
 32.5 260.5
 33.0 260.5
 33.5 260.5
 34.0 260.5
 34.5 260.5
 35.0 260.5
 35.5 260.5
 36.0 260.5
 36.5 260.5
 37.0 260.5
 37.5 260.5
 38.0 260.5
 38.5 260.5
 39.0 260.5
 39.5 260.5
 40.0 260.5
 40.5 260.5
 41.0 260.5
 41.5 260.5
 42.0 260.5
 42.5 260.5
 43.0 260.5
 43.5 260.5
 44.0 260.5
 44.5 260.5
 45.0 260.5
 45.5 260.5
 46.0 260.5
 46.5 260.5
 47.0 260.5
 47.5 260.5
 48.0 260.5
 48.5 260.5
 49.0 260.5
 49.5 260.5
 50.0 260.5
 25.5 261.0
 26.0 261.0
 26.5 261.0
 27.0 261.0
 27.5 261.0
 28.0 261.0
 28.5 261.0
 29.0 261.0
 29.5 261.0
 30.0 261.0
 30.5 261.0
 31.0 261.0
 31.5 261.0
 32.0 261.0
 32.5 261.0
 33.0 261.0
 33.5 261.0
 34.0 261.0
 34.5 261.0
 35.0 261.0
 35.5 261.0
 36.0 261.0
 36.5 261.0
 37.0 261.0
 37.5 261.0
 38.0 261.0
 38.5 261.0
 39.0 261.0
 39.5 261.0
 40.0 261.0
 40.5 261.0
 41.0 261.0
 41.5 261.0
 42.0 261.0
 42.5 261.0
 43.0 261.0
 43.5 261.0
 44.0 261.0
 44.5 261.0
 45.0 261.0
 45.5 261.0
 46.0 261.0
 46.5 261.0
 47.0 261.0
 47.5 261.0
 48.0 261.0
 48.5 261.0
 49.0 261.0
 49.5 261.0
 50.0 261.0
 25.5 261.5
 26.0 261.5
 26.5 261.5
 27.0 261.5
 27.5 261.5
 28.0 261.5
 28.5 261.5
 29.0 261.5
 29.5 261.5
 30.0 261.5
 30.5 261.5
 31.0 261.5
 31.5 261.5
 32.0 261.5
 32.5 261.5
 33.0 261.5
 33.5 261.5
 34.0 261.5
 34.5 261.5
 35.0 261.5
 35.5 261.5
 36.0 261.5
 36.5 261.5
 37.0 261.5
 37.5 261.5
 38.0 261.5
 38.5 261.5
 39.0 261.5
 39.5 261.5
 40.0 261.5
 40.5 261.5
 41.0 261.5
 41.5 261.5
 42.0 261.5
 42.5 261.5
 43.0 261.5
 43.5 261.5
 44.0 261.5
 44.5 261.5
 45.0 261.5
 45.5 261.5
 46.0 261.5
 46.5 261.5
 47.0 261.5
 47.5 261.5
 48.0 261.5
 48.5 261.5
 49.0 261.5
 49.5 261.5
 50.0 261.5
 25.5 262.0
 26.0 262.0
 26.5 262.0
 27.0 262.0
 27.5 262.0
 28.0 262.0
 28.5 262.0
 29.0 262.0
 29.5 262.0
 30.0 262.0
 30.5 262.0
 31.0 262.0
 31.5 262.0
 32.0 262.0
 32.5 262.0
 33.0 262.0
 33.5 262.0
 34.0 262.0
 34.5 262.0
 35.0 262.0
 35.5 262.0
 36.0 262.0
 36.5 262.0
 37.0 262.0
 37.5 262.0
 38.0 262.0
 38.5 262.0
 39.0 262.0
 39.5 262.0
 40.0 262.0
 40.5 262.0
 41.0 262.0
 41.5 262.0
 42.0 262.0
 42.5 262.0
 43.0 262.0
 43.5 262.0
 44.0 262.0
 44.5 262.0
 45.0 262.0
 45.5 262.0
 46.0 262.0
 46.5 262.0
 47.0 262.0
 47.5 262.0
 48.0 262.0
 48.5 262.0
 49.0 262.0
 49.5 262.0
 50.0 262.0
 25.5 262.5
 26.0 262.5
 26.5 262.5
 27.0 262.5
 27.5 262.5
 28.0 262.5
 28.5 262.5
 29.0 262.5
 29.5 262.5
 30.0 262.5
 30.5 262.5
 31.0 262.5
 31.5 262.5
 32.0 262.5
 32.5 262.5
 33.0 262.5
 33.5 262.5
 34.0 262.5
 34.5 262.5
 35.0 262.5
 35.5 262.5
 36.0 262.5
 36.5 262.5
 37.0 262.5
 37.5 262.5
 38.0 262.5
 38.5 262.5
 39.0 262.5
 39.5 262.5
 40.0 262.5
 40.5 262.5
 41.0 262.5
 41.5 262.5
 42.0 262.5
 42.5 262.5
 43.0 262.5
 43.5 262.5
 44.0 262.5
 44.5 262.5
 45.0 262.5
 45.5 262.5
 46.0 262.5
 46.5 262.5
 47.0 262.5
 47.5 262.5
 48.0 262.5
 48.5 262.5
 49.0 262.5
 49.5 262.5
 50.0 262.5
 25.5 263.0
 26.0 263.0
 26.5 263.0
 27.0 263.0
 27.5 263.0
 28.0 263.0
 28.5 263.0
 29.0 263.0
 29.5 263.0
 30.0 263.0
 30.5 263.0
 31.0 263.0
 31.5 263.0
 32.0 263.0
 32.5 263.0
 33.0 263.0
 33.5 263.0
 34.0 263.0
 34.5 263.0
 35.0 263.0
 35.5 263.0
 36.0 263.0
 36.5 263.0
 37.0 263.0
 37.5 263.0
 38.0 263.0
 38.5 263.0
 39.0 263.0
 39.5 263.0
 40.0 263.0
 40.5 263.0
 41.0 263.0
 41.5 263.0
 42.0 263.0
 42.5 263.0
 43.0 263.0
 43.5 263.0
 44.0 263.0
 44.5 263.0
 45.0 263.0
 45.5 263.0
 46.0 263.0
 46.5 263.0
 47.0 263.0
 47.5 263.0
 48.0 263.0
 48.5 263.0
 49.0 263.0
 49.5 263.0
 50.0 263.0
 25.5 263.5
 26.0 263.5
 26.5 263.5
 27.0 263.5
 27.5 263.5
 28.0 263.5
 28.5 263.5
 29.0 263.5
 29.5 263.5
 30.0 263.5
 30.5 263.5
 31.0 263.5
 31.5 263.5
 32.0 263.5
 32.5 263.5
 33.0 263.5
 33.5 263.5
 34.0 263.5
 34.5 263.5
 35.0 263.5
 35.5 263.5
 36.0 263.5
 36.5 263.5
 37.0 263.5
 37.5 263.5
 38.0 263.5
 38.5 263.5
 39.0 263.5
 39.5 263.5
 40.0 263.5
 40.5 263.5
 41.0 263.5
 41.5 263.5
 42.0 263.5
 42.5 263.5
 43.0 263.5
 43.5 263.5
 44.0 263.5
 44.5 263.5
 45.0 263.5
 45.5 263.5
 46.0 263.5
 46.5 263.5
 47.0 263.5
 47.5 263.5
 48.0 263.5
 48.5 263.5
 49.0 263.5
 49.5 263.5
 50.0 263.5
 25.5 264.0
 26.0 264.0
 26.5 264.0
 27.0 264.0
 27.5 264.0
 28.0 264.0
 28.5 264.0
 29.0 264.0
 29.5 264.0
 30.0 264.0
 30.5 264.0
 31.0 264.0
 31.5 264.0
 32.0 264.0
 32.5 264.0
 33.0 264.0
 33.5 264.0
 34.0 264.0
 34.5 264.0
 35.0 264.0
 35.5 264.0
 36.0 264.0
 36.5 264.0
 37.0 264.0
 37.5 264.0
 38.0 264.0
 38.5 264.0
 39.0 264.0
 39.5 264.0
 40.0 264.0
 40.5 264.0
 41.0 264.0
 41.5 264.0
 42.0 264.0
 42.5 264.0
 43.0 264.0
 43.5 264.0
 44.0 264.0
 44.5 264.0
 45.0 264.0
 45.5 264.0
 46.0 264.0
 46.5 264.0
 47.0 264.0
 47.5 264.0
 48.0 264.0
 48.5 264.0
 49.0 264.0
 49.5 264.0
 50.0 264.0
 25.5 264.5
 26.0 264.5
 26.5 264.5
 27.0 264.5
 27.5 264.5
 28.0 264.5
 28.5 264.5
 29.0 264.5
 29.5 264.5
 30.0 264.5
 30.5 264.5
 31.0 264.5
 31.5 264.5
 32.0 264.5
 32.5 264.5
 33.0 264.5
 33.5 264.5
 34.0 264.5
 34.5 264.5
 35.0 264.5
 35.5 264.5
 36.0 264.5
 36.5 264.5
 37.0 264.5
 37.5 264.5
 38.0 264.5
 38.5 264.5
 39.0 264.5
 39.5 264.5
 40.0 264.5
 40.5 264.5
 41.0 264.5
 41.5 264.5
 42.0 264.5
 42.5 264.5
 43.0 264.5
 43.5 264.5
 44.0 264.5
 44.5 264.5
 45.0 264.5
 45.5 264.5
 46.0 264.5
 46.5 264.5
 47.0 264.5
 47.5 264.5
 48.0 264.5
 48.5 264.5
 49.0 264.5
 49.5 264.5
 50.0 264.5
 25.5 265.0
 26.0 265.0
 26.5 265.0
 27.0 265.0
 27.5 265.0
 28.0 265.0
 28.5 265.0
 29.0 265.0
 29.5 265.0
 30.0 265.0
 30.5 265.0
 31.0 265.0
 31.5 265.0
 32.0 265.0
 32.5 265.0
 33.0 265.0
 33.5 265.0
 34.0 265.0
 34.5 265.0
 35.0 265.0
 35.5 265.0
 36.0 265.0
 36.5 265.0
 37.0 265.0
 37.5 265.0
 38.0 265.0
 38.5 265.0
 39.0 265.0
 39.5 265.0
 40.0 265.0
 40.5 265.0
 41.0 265.0
 41.5 265.0
 42.0 265.0
 42.5 265.0
 43.0 265.0
 43.5 265.0
 44.0 265.0
 44.5 265.0
 45.0 265.0
 45.5 265.0
 46.0 265.0
 46.5 265.0
 47.0 265.0
 47.5 265.0
 48.0 265.0
 48.5 265.0
 49.0 265.0
 49.5 265.0
 50.0 265.0
 25.5 265.5
 26.0 265.5
 26.5 265.5
 27.0 265.5
 27.5 265.5
 28.0 265.5
 28.5 265.5
 29.0 265.5
 29.5 265.5
 30.0 265.5
 30.5 265.5
 31.0 265.5
 31.5 265.5
 32.0 265.5
 32.5 265.5
 33.0 265.5
 33.5 265.5
 34.0 265.5
 34.5 265.5
 35.0 265.5
 35.5 265.5
 36.0 265.5
 36.5 265.5
 37.0 265.5
 37.5 265.5
 38.0 265.5
 38.5 265.5
 39.0 265.5
 39.5 265.5
 40.0 265.5
 40.5 265.5
 41.0 265.5
 41.5 265.5
 42.0 265.5
 42.5 265.5
 43.0 265.5
 43.5 265.5
 44.0 265.5
 44.5 265.5
 45.0 265.5
 45.5 265.5
 46.0 265.5
 46.5 265.5
 47.0 265.5
 47.5 265.5
 48.0 265.5
 48.5 265.5
 49.0 265.5
 49.5 265.5
 50.0 265.5
 25.5 266.0
 26.0 266.0
 26.5 266.0
 27.0 266.0
 27.5 266.0
 28.0 266.0
 28.5 266.0
 29.0 266.0
 29.5 266.0
 30.0 266.0
 30.5 266.0
 31.0 266.0
 31.5 266.0
 32.0 266.0
 32.5 266.0
 33.0 266.0
 33.5 266.0
 34.0 266.0
 34.5 266.0
 35.0 266.0
 35.5 266.0
 36.0 266.0
 36.5 266.0
 37.0 266.0
 37.5 266.0
 38.0 266.0
 38.5 266.0
 39.0 266.0
 39.5 266.0
 40.0 266.0
 40.5 266.0
 41.0 266.0
 41.5 266.0
 42.0 266.0
 42.5 266.0
 43.0 266.0
 43.5 266.0
 44.0 266.0
 44.5 266.0
 45.0 266.0
 45.5 266.0
 46.0 266.0
 46.5 266.0
 47.0 266.0
 47.5 266.0
 48.0 266.0
 48.5 266.0
 49.0 266.0
 49.5 266.0
 50.0 266.0
 25.5 266.5
 26.0 266.5
 26.5 266.5
 27.0 266.5
 27.5 266.5
 28.0 266.5
 28.5 266.5
 29.0 266.5
 29.5 266.5
 30.0 266.5
 30.5 266.5
 31.0 266.5
 31.5 266.5
 32.0 266.5
 32.5 266.5
 33.0 266.5
 33.5 266.5
 34.0 266.5
 34.5 266.5
 35.0 266.5
 35.5 266.5
 36.0 266.5
 36.5 266.5
 37.0 266.5
 37.5 266.5
 38.0 266.5
 38.5 266.5
 39.0 266.5
 39.5 266.5
 40.0 266.5
 40.5 266.5
 41.0 266.5
 41.5 266.5
 42.0 266.5
 42.5 266.5
 43.0 266.5
 43.5 266.5
 44.0 266.5
 44.5 266.5
 45.0 266.5
 45.5 266.5
 46.0 266.5
 46.5 266.5
 47.0 266.5
 47.5 266.5
 48.0 266.5
 48.5 266.5
 49.0 266.5
 49.5 266.5
 50.0 266.5
 25.5 267.0
 26.0 267.0
 26.5 267.0
 27.0 267.0
 27.5 267.0
 28.0 267.0
 28.5 267.0
 29.0 267.0
 29.5 267.0
 30.0 267.0
 30.5 267.0
 31.0 267.0
 31.5 267.0
 32.0 267.0
 32.5 267.0
 33.0 267.0
 33.5 267.0
 34.0 267.0
 34.5 267.0
 35.0 267.0
 35.5 267.0
 36.0 267.0
 36.5 267.0
 37.0 267.0
 37.5 267.0
 38.0 267.0
 38.5 267.0
 39.0 267.0
 39.5 267.0
 40.0 267.0
 40.5 267.0
 41.0 267.0
 41.5 267.0
 42.0 267.0
 42.5 267.0
 43.0 267.0
 43.5 267.0
 44.0 267.0
 44.5 267.0
 45.0 267.0
 45.5 267.0
 46.0 267.0
 46.5 267.0
 47.0 267.0
 47.5 267.0
 48.0 267.0
 48.5 267.0
 49.0 267.0
 49.5 267.0
 50.0 267.0
 25.5 267.5
 26.0 267.5
 26.5 267.5
 27.0 267.5
 27.5 267.5
 28.0 267.5
 28.5 267.5
 29.0 267.5
 29.5 267.5
 30.0 267.5
 30.5 267.5
 31.0 267.5
 31.5 267.5
 32.0 267.5
 32.5 267.5
 33.0 267.5
 33.5 267.5
 34.0 267.5
 34.5 267.5
 35.0 267.5
 35.5 267.5
 36.0 267.5
 36.5 267.5
 37.0 267.5
 37.5 267.5
 38.0 267.5
 38.5 267.5
 39.0 267.5
 39.5 267.5
 40.0 267.5
 40.5 267.5
 41.0 267.5
 41.5 267.5
 42.0 267.5
 42.5 267.5
 43.0 267.5
 43.5 267.5
 44.0 267.5
 44.5 267.5
 45.0 267.5
 45.5 267.5
 46.0 267.5
 46.5 267.5
 47.0 267.5
 47.5 267.5
 48.0 267.5
 48.5 267.5
 49.0 267.5
 49.5 267.5
 50.0 267.5
 25.5 268.0
 26.0 268.0
 26.5 268.0
 27.0 268.0
 27.5 268.0
 28.0 268.0
 28.5 268.0
 29.0 268.0
 29.5 268.0
 30.0 268.0
 30.5 268.0
 31.0 268.0
 31.5 268.0
 32.0 268.0
 32.5 268.0
 33.0 268.0
 33.5 268.0
 34.0 268.0
 34.5 268.0
 35.0 268.0
 35.5 268.0
 36.0 268.0
 36.5 268.0
 37.0 268.0
 37.5 268.0
 38.0 268.0
 38.5 268.0
 39.0 268.0
 39.5 268.0
 40.0 268.0
 40.5 268.0
 41.0 268.0
 41.5 268.0
 42.0 268.0
 42.5 268.0
 43.0 268.0
 43.5 268.0
 44.0 268.0
 44.5 268.0
 45.0 268.0
 45.5 268.0
 46.0 268.0
 46.5 268.0
 47.0 268.0
 47.5 268.0
 48.0 268.0
 48.5 268.0
 49.0 268.0
 49.5 268.0
 50.0 268.0
 25.5 268.5
 26.0 268.5
 26.5 268.5
 27.0 268.5
 27.5 268.5
 28.0 268.5
 28.5 268.5
 29.0 268.5
 29.5 268.5
 30.0 268.5
 30.5 268.5
 31.0 268.5
 31.5 268.5
 32.0 268.5
 32.5 268.5
 33.0 268.5
 33.5 268.5
 34.0 268.5
 34.5 268.5
 35.0 268.5
 35.5 268.5
 36.0 268.5
 36.5 268.5
 37.0 268.5
 37.5 268.5
 38.0 268.5
 38.5 268.5
 39.0 268.5
 39.5 268.5
 40.0 268.5
 40.5 268.5
 41.0 268.5
 41.5 268.5
 42.0 268.5
 42.5 268.5
 43.0 268.5
 43.5 268.5
 44.0 268.5
 44.5 268.5
 45.0 268.5
 45.5 268.5
 46.0 268.5
 46.5 268.5
 47.0 268.5
 47.5 268.5
 48.0 268.5
 48.5 268.5
 49.0 268.5
 49.5 268.5
 50.0 268.5
 25.5 269.0
 26.0 269.0
 26.5 269.0
 27.0 269.0
 27.5 269.0
 28.0 269.0
 28.5 269.0
 29.0 269.0
 29.5 269.0
 30.0 269.0
 30.5 269.0
 31.0 269.0
 31.5 269.0
 32.0 269.0
 32.5 269.0
 33.0 269.0
 33.5 269.0
 34.0 269.0
 34.5 269.0
 35.0 269.0
 35.5 269.0
 36.0 269.0
 36.5 269.0
 37.0 269.0
 37.5 269.0
 38.0 269.0
 38.5 269.0
 39.0 269.0
 39.5 269.0
 40.0 269.0
 40.5 269.0
 41.0 269.0
 41.5 269.0
 42.0 269.0
 42.5 269.0
 43.0 269.0
 43.5 269.0
 44.0 269.0
 44.5 269.0
 45.0 269.0
 45.5 269.0
 46.0 269.0
 46.5 269.0
 47.0 269.0
 47.5 269.0
 48.0 269.0
 48.5 269.0
 49.0 269.0
 49.5 269.0
 50.0 269.0
 25.5 269.5
 26.0 269.5
 26.5 269.5
 27.0 269.5
 27.5 269.5
 28.0 269.5
 28.5 269.5
 29.0 269.5
 29.5 269.5
 30.0 269.5
 30.5 269.5
 31.0 269.5
 31.5 269.5
 32.0 269.5
 32.5 269.5
 33.0 269.5
 33.5 269.5
 34.0 269.5
 34.5 269.5
 35.0 269.5
 35.5 269.5
 36.0 269.5
 36.5 269.5
 37.0 269.5
 37.5 269.5
 38.0 269.5
 38.5 269.5
 39.0 269.5
 39.5 269.5
 40.0 269.5
 40.5 269.5
 41.0 269.5
 41.5 269.5
 42.0 269.5
 42.5 269.5
 43.0 269.5
 43.5 269.5
 44.0 269.5
 44.5 269.5
 45.0 269.5
 45.5 269.5
 46.0 269.5
 46.5 269.5
 47.0 269.5
 47.5 269.5
 48.0 269.5
 48.5 269.5
 49.0 269.5
 49.5 269.5
 50.0 269.5
 25.5 270.0
 26.0 270.0
 26.5 270.0
 27.0 270.0
 27.5 270.0
 28.0 270.0
 28.5 270.0
 29.0 270.0
 29.5 270.0
 30.0 270.0
 30.5 270.0
 31.0 270.0
 31.5 270.0
 32.0 270.0
 32.5 270.0
 33.0 270.0
 33.5 270.0
 34.0 270.0
 34.5 270.0
 35.0 270.0
 35.5 270.0
 36.0 270.0
 36.5 270.0
 37.0 270.0
 37.5 270.0
 38.0 270.0
 38.5 270.0
 39.0 270.0
 39.5 270.0
 40.0 270.0
 40.5 270.0
 41.0 270.0
 41.5 270.0
 42.0 270.0
 42.5 270.0
 43.0 270.0
 43.5 270.0
 44.0 270.0
 44.5 270.0
 45.0 270.0
 45.5 270.0
 46.0 270.0
 46.5 270.0
 47.0 270.0
 47.5 270.0
 48.0 270.0
 48.5 270.0
 49.0 270.0
 49.5 270.0
 50.0 270.0
 25.5 270.5
 26.0 270.5
 26.5 270.5
 27.0 270.5
 27.5 270.5
 28.0 270.5
 28.5 270.5
 29.0 270.5
 29.5 270.5
 30.0 270.5
 30.5 270.5
 31.0 270.5
 31.5 270.5
 32.0 270.5
 32.5 270.5
 33.0 270.5
 33.5 270.5
 34.0 270.5
 34.5 270.5
 35.0 270.5
 35.5 270.5
 36.0 270.5
 36.5 270.5
 37.0 270.5
 37.5 270.5
 38.0 270.5
 38.5 270.5
 39.0 270.5
 39.5 270.5
 40.0 270.5
 40.5 270.5
 41.0 270.5
 41.5 270.5
 42.0 270.5
 42.5 270.5
 43.0 270.5
 43.5 270.5
 44.0 270.5
 44.5 270.5
 45.0 270.5
 45.5 270.5
 46.0 270.5
 46.5 270.5
 47.0 270.5
 47.5 270.5
 48.0 270.5
 48.5 270.5
 49.0 270.5
 49.5 270.5
 50.0 270.5
 25.5 271.0
 26.0 271.0
 26.5 271.0
 27.0 271.0
 27.5 271.0
 28.0 271.0
 28.5 271.0
 29.0 271.0
 29.5 271.0
 30.0 271.0
 30.5 271.0
 31.0 271.0
 31.5 271.0
 32.0 271.0
 32.5 271.0
 33.0 271.0
 33.5 271.0
 34.0 271.0
 34.5 271.0
 35.0 271.0
 35.5 271.0
 36.0 271.0
 36.5 271.0
 37.0 271.0
 37.5 271.0
 38.0 271.0
 38.5 271.0
 39.0 271.0
 39.5 271.0
 40.0 271.0
 40.5 271.0
 41.0 271.0
 41.5 271.0
 42.0 271.0
 42.5 271.0
 43.0 271.0
 43.5 271.0
 44.0 271.0
 44.5 271.0
 45.0 271.0
 45.5 271.0
 46.0 271.0
 46.5 271.0
 47.0 271.0
 47.5 271.0
 48.0 271.0
 48.5 271.0
 49.0 271.0
 49.5 271.0
 50.0 271.0
 25.5 271.5
 26.0 271.5
 26.5 271.5
 27.0 271.5
 27.5 271.5
 28.0 271.5
 28.5 271.5
 29.0 271.5
 29.5 271.5
 30.0 271.5
 30.5 271.5
 31.0 271.5
 31.5 271.5
 32.0 271.5
 32.5 271.5
 33.0 271.5
 33.5 271.5
 34.0 271.5
 34.5 271.5
 35.0 271.5
 35.5 271.5
 36.0 271.5
 36.5 271.5
 37.0 271.5
 37.5 271.5
 38.0 271.5
 38.5 271.5
 39.0 271.5
 39.5 271.5
 40.0 271.5
 40.5 271.5
 41.0 271.5
 41.5 271.5
 42.0 271.5
 42.5 271.5
 43.0 271.5
 43.5 271.5
 44.0 271.5
 44.5 271.5
 45.0 271.5
 45.5 271.5
 46.0 271.5
 46.5 271.5
 47.0 271.5
 47.5 271.5
 48.0 271.5
 48.5 271.5
 49.0 271.5
 49.5 271.5
 50.0 271.5
 25.5 272.0
 26.0 272.0
 26.5 272.0
 27.0 272.0
 27.5 272.0
 28.0 272.0
 28.5 272.0
 29.0 272.0
 29.5 272.0
 30.0 272.0
 30.5 272.0
 31.0 272.0
 31.5 272.0
 32.0 272.0
 32.5 272.0
 33.0 272.0
 33.5 272.0
 34.0 272.0
 34.5 272.0
 35.0 272.0
 35.5 272.0
 36.0 272.0
 36.5 272.0
 37.0 272.0
 37.5 272.0
 38.0 272.0
 38.5 272.0
 39.0 272.0
 39.5 272.0
 40.0 272.0
 40.5 272.0
 41.0 272.0
 41.5 272.0
 42.0 272.0
 42.5 272.0
 43.0 272.0
 43.5 272.0
 44.0 272.0
 44.5 272.0
 45.0 272.0
 45.5 272.0
 46.0 272.0
 46.5 272.0
 47.0 272.0
 47.5 272.0
 48.0 272.0
 48.5 272.0
 49.0 272.0
 49.5 272.0
 50.0 272.0
 25.5 272.5
 26.0 272.5
 26.5 272.5
 27.0 272.5
 27.5 272.5
 28.0 272.5
 28.5 272.5
 29.0 272.5
 29.5 272.5
 30.0 272.5
 30.5 272.5
 31.0 272.5
 31.5 272.5
 32.0 272.5
 32.5 272.5
 33.0 272.5
 33.5 272.5
 34.0 272.5
 34.5 272.5
 35.0 272.5
 35.5 272.5
 36.0 272.5
 36.5 272.5
 37.0 272.5
 37.5 272.5
 38.0 272.5
 38.5 272.5
 39.0 272.5
 39.5 272.5
 40.0 272.5
 40.5 272.5
 41.0 272.5
 41.5 272.5
 42.0 272.5
 42.5 272.5
 43.0 272.5
 43.5 272.5
 44.0 272.5
 44.5 272.5
 45.0 272.5
 45.5 272.5
 46.0 272.5
 46.5 272.5
 47.0 272.5
 47.5 272.5
 48.0 272.5
 48.5 272.5
 49.0 272.5
 49.5 272.5
 50.0 272.5
 25.5 273.0
 26.0 273.0
 26.5 273.0
 27.0 273.0
 27.5 273.0
 28.0 273.0
 28.5 273.0
 29.0 273.0
 29.5 273.0
 30.0 273.0
 30.5 273.0
 31.0 273.0
 31.5 273.0
 32.0 273.0
 32.5 273.0
 33.0 273.0
 33.5 273.0
 34.0 273.0
 34.5 273.0
 35.0 273.0
 35.5 273.0
 36.0 273.0
 36.5 273.0
 37.0 273.0
 37.5 273.0
 38.0 273.0
 38.5 273.0
 39.0 273.0
 39.5 273.0
 40.0 273.0
 40.5 273.0
 41.0 273.0
 41.5 273.0
 42.0 273.0
 42.5 273.0
 43.0 273.0
 43.5 273.0
 44.0 273.0
 44.5 273.0
 45.0 273.0
 45.5 273.0
 46.0 273.0
 46.5 273.0
 47.0 273.0
 47.5 273.0
 48.0 273.0
 48.5 273.0
 49.0 273.0
 49.5 273.0
 50.0 273.0
 25.5 273.5
 26.0 273.5
 26.5 273.5
 27.0 273.5
 27.5 273.5
 28.0 273.5
 28.5 273.5
 29.0 273.5
 29.5 273.5
 30.0 273.5
 30.5 273.5
 31.0 273.5
 31.5 273.5
 32.0 273.5
 32.5 273.5
 33.0 273.5
 33.5 273.5
 34.0 273.5
 34.5 273.5
 35.0 273.5
 35.5 273.5
 36.0 273.5
 36.5 273.5
 37.0 273.5
 37.5 273.5
 38.0 273.5
 38.5 273.5
 39.0 273.5
 39.5 273.5
 40.0 273.5
 40.5 273.5
 41.0 273.5
 41.5 273.5
 42.0 273.5
 42.5 273.5
 43.0 273.5
 43.5 273.5
 44.0 273.5
 44.5 273.5
 45.0 273.5
 45.5 273.5
 46.0 273.5
 46.5 273.5
 47.0 273.5
 47.5 273.5
 48.0 273.5
 48.5 273.5
 49.0 273.5
 49.5 273.5
 50.0 273.5
 25.5 274.0
 26.0 274.0
 26.5 274.0
 27.0 274.0
 27.5 274.0
 28.0 274.0
 28.5 274.0
 29.0 274.0
 29.5 274.0
 30.0 274.0
 30.5 274.0
 31.0 274.0
 31.5 274.0
 32.0 274.0
 32.5 274.0
 33.0 274.0
 33.5 274.0
 34.0 274.0
 34.5 274.0
 35.0 274.0
 35.5 274.0
 36.0 274.0
 36.5 274.0
 37.0 274.0
 37.5 274.0
 38.0 274.0
 38.5 274.0
 39.0 274.0
 39.5 274.0
 40.0 274.0
 40.5 274.0
 41.0 274.0
 41.5 274.0
 42.0 274.0
 42.5 274.0
 43.0 274.0
 43.5 274.0
 44.0 274.0
 44.5 274.0
 45.0 274.0
 45.5 274.0
 46.0 274.0
 46.5 274.0
 47.0 274.0
 47.5 274.0
 48.0 274.0
 48.5 274.0
 49.0 274.0
 49.5 274.0
 50.0 274.0
 25.5 274.5
 26.0 274.5
 26.5 274.5
 27.0 274.5
 27.5 274.5
 28.0 274.5
 28.5 274.5
 29.0 274.5
 29.5 274.5
 30.0 274.5
 30.5 274.5
 31.0 274.5
 31.5 274.5
 32.0 274.5
 32.5 274.5
 33.0 274.5
 33.5 274.5
 34.0 274.5
 34.5 274.5
 35.0 274.5
 35.5 274.5
 36.0 274.5
 36.5 274.5
 37.0 274.5
 37.5 274.5
 38.0 274.5
 38.5 274.5
 39.0 274.5
 39.5 274.5
 40.0 274.5
 40.5 274.5
 41.0 274.5
 41.5 274.5
 42.0 274.5
 42.5 274.5
 43.0 274.5
 43.5 274.5
 44.0 274.5
 44.5 274.5
 45.0 274.5
 45.5 274.5
 46.0 274.5
 46.5 274.5
 47.0 274.5
 47.5 274.5
 48.0 274.5
 48.5 274.5
 49.0 274.5
 49.5 274.5
 50.0 274.5
 25.5 275.0
 26.0 275.0
 26.5 275.0
 27.0 275.0
 27.5 275.0
 28.0 275.0
 28.5 275.0
 29.0 275.0
 29.5 275.0
 30.0 275.0
 30.5 275.0
 31.0 275.0
 31.5 275.0
 32.0 275.0
 32.5 275.0
 33.0 275.0
 33.5 275.0
 34.0 275.0
 34.5 275.0
 35.0 275.0
 35.5 275.0
 36.0 275.0
 36.5 275.0
 37.0 275.0
 37.5 275.0
 38.0 275.0
 38.5 275.0
 39.0 275.0
 39.5 275.0
 40.0 275.0
 40.5 275.0
 41.0 275.0
 41.5 275.0
 42.0 275.0
 42.5 275.0
 43.0 275.0
 43.5 275.0
 44.0 275.0
 44.5 275.0
 45.0 275.0
 45.5 275.0
 46.0 275.0
 46.5 275.0
 47.0 275.0
 47.5 275.0
 48.0 275.0
 48.5 275.0
 49.0 275.0
 49.5 275.0
 50.0 275.0
 25.5 275.5
 26.0 275.5
 26.5 275.5
 27.0 275.5
 27.5 275.5
 28.0 275.5
 28.5 275.5
 29.0 275.5
 29.5 275.5
 30.0 275.5
 30.5 275.5
 31.0 275.5
 31.5 275.5
 32.0 275.5
 32.5 275.5
 33.0 275.5
 33.5 275.5
 34.0 275.5
 34.5 275.5
 35.0 275.5
 35.5 275.5
 36.0 275.5
 36.5 275.5
 37.0 275.5
 37.5 275.5
 38.0 275.5
 38.5 275.5
 39.0 275.5
 39.5 275.5
 40.0 275.5
 40.5 275.5
 41.0 275.5
 41.5 275.5
 42.0 275.5
 42.5 275.5
 43.0 275.5
 43.5 275.5
 44.0 275.5
 44.5 275.5
 45.0 275.5
 45.5 275.5
 46.0 275.5
 46.5 275.5
 47.0 275.5
 47.5 275.5
 48.0 275.5
 48.5 275.5
 49.0 275.5
 49.5 275.5
 50.0 275.5
 25.5 276.0
 26.0 276.0
 26.5 276.0
 27.0 276.0
 27.5 276.0
 28.0 276.0
 28.5 276.0
 29.0 276.0
 29.5 276.0
 30.0 276.0
 30.5 276.0
 31.0 276.0
 31.5 276.0
 32.0 276.0
 32.5 276.0
 33.0 276.0
 33.5 276.0
 34.0 276.0
 34.5 276.0
 35.0 276.0
 35.5 276.0
 36.0 276.0
 36.5 276.0
 37.0 276.0
 37.5 276.0
 38.0 276.0
 38.5 276.0
 39.0 276.0
 39.5 276.0
 40.0 276.0
 40.5 276.0
 41.0 276.0
 41.5 276.0
 42.0 276.0
 42.5 276.0
 43.0 276.0
 43.5 276.0
 44.0 276.0
 44.5 276.0
 45.0 276.0
 45.5 276.0
 46.0 276.0
 46.5 276.0
 47.0 276.0
 47.5 276.0
 48.0 276.0
 48.5 276.0
 49.0 276.0
 49.5 276.0
 50.0 276.0
 25.5 276.5
 26.0 276.5
 26.5 276.5
 27.0 276.5
 27.5 276.5
 28.0 276.5
 28.5 276.5
 29.0 276.5
 29.5 276.5
 30.0 276.5
 30.5 276.5
 31.0 276.5
 31.5 276.5
 32.0 276.5
 32.5 276.5
 33.0 276.5
 33.5 276.5
 34.0 276.5
 34.5 276.5
 35.0 276.5
 35.5 276.5
 36.0 276.5
 36.5 276.5
 37.0 276.5
 37.5 276.5
 38.0 276.5
 38.5 276.5
 39.0 276.5
 39.5 276.5
 40.0 276.5
 40.5 276.5
 41.0 276.5
 41.5 276.5
 42.0 276.5
 42.5 276.5
 43.0 276.5
 43.5 276.5
 44.0 276.5
 44.5 276.5
 45.0 276.5
 45.5 276.5
 46.0 276.5
 46.5 276.5
 47.0 276.5
 47.5 276.5
 48.0 276.5
 48.5 276.5
 49.0 276.5
 49.5 276.5
 50.0 276.5
 25.5 277.0
 26.0 277.0
 26.5 277.0
 27.0 277.0
 27.5 277.0
 28.0 277.0
 28.5 277.0
 29.0 277.0
 29.5 277.0
 30.0 277.0
 30.5 277.0
 31.0 277.0
 31.5 277.0
 32.0 277.0
 32.5 277.0
 33.0 277.0
 33.5 277.0
 34.0 277.0
 34.5 277.0
 35.0 277.0
 35.5 277.0
 36.0 277.0
 36.5 277.0
 37.0 277.0
 37.5 277.0
 38.0 277.0
 38.5 277.0
 39.0 277.0
 39.5 277.0
 40.0 277.0
 40.5 277.0
 41.0 277.0
 41.5 277.0
 42.0 277.0
 42.5 277.0
 43.0 277.0
 43.5 277.0
 44.0 277.0
 44.5 277.0
 45.0 277.0
 45.5 277.0
 46.0 277.0
 46.5 277.0
 47.0 277.0
 47.5 277.0
 48.0 277.0
 48.5 277.0
 49.0 277.0
 49.5 277.0
 50.0 277.0
 25.5 277.5
 26.0 277.5
 26.5 277.5
 27.0 277.5
 27.5 277.5
 28.0 277.5
 28.5 277.5
 29.0 277.5
 29.5 277.5
 30.0 277.5
 30.5 277.5
 31.0 277.5
 31.5 277.5
 32.0 277.5
 32.5 277.5
 33.0 277.5
 33.5 277.5
 34.0 277.5
 34.5 277.5
 35.0 277.5
 35.5 277.5
 36.0 277.5
 36.5 277.5
 37.0 277.5
 37.5 277.5
 38.0 277.5
 38.5 277.5
 39.0 277.5
 39.5 277.5
 40.0 277.5
 40.5 277.5
 41.0 277.5
 41.5 277.5
 42.0 277.5
 42.5 277.5
 43.0 277.5
 43.5 277.5
 44.0 277.5
 44.5 277.5
 45.0 277.5
 45.5 277.5
 46.0 277.5
 46.5 277.5
 47.0 277.5
 47.5 277.5
 48.0 277.5
 48.5 277.5
 49.0 277.5
 49.5 277.5
 50.0 277.5
 25.5 278.0
 26.0 278.0
 26.5 278.0
 27.0 278.0
 27.5 278.0
 28.0 278.0
 28.5 278.0
 29.0 278.0
 29.5 278.0
 30.0 278.0
 30.5 278.0
 31.0 278.0
 31.5 278.0
 32.0 278.0
 32.5 278.0
 33.0 278.0
 33.5 278.0
 34.0 278.0
 34.5 278.0
 35.0 278.0
 35.5 278.0
 36.0 278.0
 36.5 278.0
 37.0 278.0
 37.5 278.0
 38.0 278.0
 38.5 278.0
 39.0 278.0
 39.5 278.0
 40.0 278.0
 40.5 278.0
 41.0 278.0
 41.5 278.0
 42.0 278.0
 42.5 278.0
 43.0 278.0
 43.5 278.0
 44.0 278.0
 44.5 278.0
 45.0 278.0
 45.5 278.0
 46.0 278.0
 46.5 278.0
 47.0 278.0
 47.5 278.0
 48.0 278.0
 48.5 278.0
 49.0 278.0
 49.5 278.0
 50.0 278.0
 25.5 278.5
 26.0 278.5
 26.5 278.5
 27.0 278.5
 27.5 278.5
 28.0 278.5
 28.5 278.5
 29.0 278.5
 29.5 278.5
 30.0 278.5
 30.5 278.5
 31.0 278.5
 31.5 278.5
 32.0 278.5
 32.5 278.5
 33.0 278.5
 33.5 278.5
 34.0 278.5
 34.5 278.5
 35.0 278.5
 35.5 278.5
 36.0 278.5
 36.5 278.5
 37.0 278.5
 37.5 278.5
 38.0 278.5
 38.5 278.5
 39.0 278.5
 39.5 278.5
 40.0 278.5
 40.5 278.5
 41.0 278.5
 41.5 278.5
 42.0 278.5
 42.5 278.5
 43.0 278.5
 43.5 278.5
 44.0 278.5
 44.5 278.5
 45.0 278.5
 45.5 278.5
 46.0 278.5
 46.5 278.5
 47.0 278.5
 47.5 278.5
 48.0 278.5
 48.5 278.5
 49.0 278.5
 49.5 278.5
 50.0 278.5
 25.5 279.0
 26.0 279.0
 26.5 279.0
 27.0 279.0
 27.5 279.0
 28.0 279.0
 28.5 279.0
 29.0 279.0
 29.5 279.0
 30.0 279.0
 30.5 279.0
 31.0 279.0
 31.5 279.0
 32.0 279.0
 32.5 279.0
 33.0 279.0
 33.5 279.0
 34.0 279.0
 34.5 279.0
 35.0 279.0
 35.5 279.0
 36.0 279.0
 36.5 279.0
 37.0 279.0
 37.5 279.0
 38.0 279.0
 38.5 279.0
 39.0 279.0
 39.5 279.0
 40.0 279.0
 40.5 279.0
 41.0 279.0
 41.5 279.0
 42.0 279.0
 42.5 279.0
 43.0 279.0
 43.5 279.0
 44.0 279.0
 44.5 279.0
 45.0 279.0
 45.5 279.0
 46.0 279.0
 46.5 279.0
 47.0 279.0
 47.5 279.0
 48.0 279.0
 48.5 279.0
 49.0 279.0
 49.5 279.0
 50.0 279.0
 25.5 279.5
 26.0 279.5
 26.5 279.5
 27.0 279.5
 27.5 279.5
 28.0 279.5
 28.5 279.5
 29.0 279.5
 29.5 279.5
 30.0 279.5
 30.5 279.5
 31.0 279.5
 31.5 279.5
 32.0 279.5
 32.5 279.5
 33.0 279.5
 33.5 279.5
 34.0 279.5
 34.5 279.5
 35.0 279.5
 35.5 279.5
 36.0 279.5
 36.5 279.5
 37.0 279.5
 37.5 279.5
 38.0 279.5
 38.5 279.5
 39.0 279.5
 39.5 279.5
 40.0 279.5
 40.5 279.5
 41.0 279.5
 41.5 279.5
 42.0 279.5
 42.5 279.5
 43.0 279.5
 43.5 279.5
 44.0 279.5
 44.5 279.5
 45.0 279.5
 45.5 279.5
 46.0 279.5
 46.5 279.5
 47.0 279.5
 47.5 279.5
 48.0 279.5
 48.5 279.5
 49.0 279.5
 49.5 279.5
 50.0 279.5
 25.5 280.0
 26.0 280.0
 26.5 280.0
 27.0 280.0
 27.5 280.0
 28.0 280.0
 28.5 280.0
 29.0 280.0
 29.5 280.0
 30.0 280.0
 30.5 280.0
 31.0 280.0
 31.5 280.0
 32.0 280.0
 32.5 280.0
 33.0 280.0
 33.5 280.0
 34.0 280.0
 34.5 280.0
 35.0 280.0
 35.5 280.0
 36.0 280.0
 36.5 280.0
 37.0 280.0
 37.5 280.0
 38.0 280.0
 38.5 280.0
 39.0 280.0
 39.5 280.0
 40.0 280.0
 40.5 280.0
 41.0 280.0
 41.5 280.0
 42.0 280.0
 42.5 280.0
 43.0 280.0
 43.5 280.0
 44.0 280.0
 44.5 280.0
 45.0 280.0
 45.5 280.0
 46.0 280.0
 46.5 280.0
 47.0 280.0
 47.5 280.0
 48.0 280.0
 48.5 280.0
 49.0 280.0
 49.5 280.0
 50.0 280.0
 25.5 280.5
 26.0 280.5
 26.5 280.5
 27.0 280.5
 27.5 280.5
 28.0 280.5
 28.5 280.5
 29.0 280.5
 29.5 280.5
 30.0 280.5
 30.5 280.5
 31.0 280.5
 31.5 280.5
 32.0 280.5
 32.5 280.5
 33.0 280.5
 33.5 280.5
 34.0 280.5
 34.5 280.5
 35.0 280.5
 35.5 280.5
 36.0 280.5
 36.5 280.5
 37.0 280.5
 37.5 280.5
 38.0 280.5
 38.5 280.5
 39.0 280.5
 39.5 280.5
 40.0 280.5
 40.5 280.5
 41.0 280.5
 41.5 280.5
 42.0 280.5
 42.5 280.5
 43.0 280.5
 43.5 280.5
 44.0 280.5
 44.5 280.5
 45.0 280.5
 45.5 280.5
 46.0 280.5
 46.5 280.5
 47.0 280.5
 47.5 280.5
 48.0 280.5
 48.5 280.5
 49.0 280.5
 49.5 280.5
 50.0 280.5
 25.5 281.0
 26.0 281.0
 26.5 281.0
 27.0 281.0
 27.5 281.0
 28.0 281.0
 28.5 281.0
 29.0 281.0
 29.5 281.0
 30.0 281.0
 30.5 281.0
 31.0 281.0
 31.5 281.0
 32.0 281.0
 32.5 281.0
 33.0 281.0
 33.5 281.0
 34.0 281.0
 34.5 281.0
 35.0 281.0
 35.5 281.0
 36.0 281.0
 36.5 281.0
 37.0 281.0
 37.5 281.0
 38.0 281.0
 38.5 281.0
 39.0 281.0
 39.5 281.0
 40.0 281.0
 40.5 281.0
 41.0 281.0
 41.5 281.0
 42.0 281.0
 42.5 281.0
 43.0 281.0
 43.5 281.0
 44.0 281.0
 44.5 281.0
 45.0 281.0
 45.5 281.0
 46.0 281.0
 46.5 281.0
 47.0 281.0
 47.5 281.0
 48.0 281.0
 48.5 281.0
 49.0 281.0
 49.5 281.0
 50.0 281.0
 25.5 281.5
 26.0 281.5
 26.5 281.5
 27.0 281.5
 27.5 281.5
 28.0 281.5
 28.5 281.5
 29.0 281.5
 29.5 281.5
 30.0 281.5
 30.5 281.5
 31.0 281.5
 31.5 281.5
 32.0 281.5
 32.5 281.5
 33.0 281.5
 33.5 281.5
 34.0 281.5
 34.5 281.5
 35.0 281.5
 35.5 281.5
 36.0 281.5
 36.5 281.5
 37.0 281.5
 37.5 281.5
 38.0 281.5
 38.5 281.5
 39.0 281.5
 39.5 281.5
 40.0 281.5
 40.5 281.5
 41.0 281.5
 41.5 281.5
 42.0 281.5
 42.5 281.5
 43.0 281.5
 43.5 281.5
 44.0 281.5
 44.5 281.5
 45.0 281.5
 45.5 281.5
 46.0 281.5
 46.5 281.5
 47.0 281.5
 47.5 281.5
 48.0 281.5
 48.5 281.5
 49.0 281.5
 49.5 281.5
 50.0 281.5
 25.5 282.0
 26.0 282.0
 26.5 282.0
 27.0 282.0
 27.5 282.0
 28.0 282.0
 28.5 282.0
 29.0 282.0
 29.5 282.0
 30.0 282.0
 30.5 282.0
 31.0 282.0
 31.5 282.0
 32.0 282.0
 32.5 282.0
 33.0 282.0
 33.5 282.0
 34.0 282.0
 34.5 282.0
 35.0 282.0
 35.5 282.0
 36.0 282.0
 36.5 282.0
 37.0 282.0
 37.5 282.0
 38.0 282.0
 38.5 282.0
 39.0 282.0
 39.5 282.0
 40.0 282.0
 40.5 282.0
 41.0 282.0
 41.5 282.0
 42.0 282.0
 42.5 282.0
 43.0 282.0
 43.5 282.0
 44.0 282.0
 44.5 282.0
 45.0 282.0
 45.5 282.0
 46.0 282.0
 46.5 282.0
 47.0 282.0
 47.5 282.0
 48.0 282.0
 48.5 282.0
 49.0 282.0
 49.5 282.0
 50.0 282.0
 25.5 282.5
 26.0 282.5
 26.5 282.5
 27.0 282.5
 27.5 282.5
 28.0 282.5
 28.5 282.5
 29.0 282.5
 29.5 282.5
 30.0 282.5
 30.5 282.5
 31.0 282.5
 31.5 282.5
 32.0 282.5
 32.5 282.5
 33.0 282.5
 33.5 282.5
 34.0 282.5
 34.5 282.5
 35.0 282.5
 35.5 282.5
 36.0 282.5
 36.5 282.5
 37.0 282.5
 37.5 282.5
 38.0 282.5
 38.5 282.5
 39.0 282.5
 39.5 282.5
 40.0 282.5
 40.5 282.5
 41.0 282.5
 41.5 282.5
 42.0 282.5
 42.5 282.5
 43.0 282.5
 43.5 282.5
 44.0 282.5
 44.5 282.5
 45.0 282.5
 45.5 282.5
 46.0 282.5
 46.5 282.5
 47.0 282.5
 47.5 282.5
 48.0 282.5
 48.5 282.5
 49.0 282.5
 49.5 282.5
 50.0 282.5
 25.5 283.0
 26.0 283.0
 26.5 283.0
 27.0 283.0
 27.5 283.0
 28.0 283.0
 28.5 283.0
 29.0 283.0
 29.5 283.0
 30.0 283.0
 30.5 283.0
 31.0 283.0
 31.5 283.0
 32.0 283.0
 32.5 283.0
 33.0 283.0
 33.5 283.0
 34.0 283.0
 34.5 283.0
 35.0 283.0
 35.5 283.0
 36.0 283.0
 36.5 283.0
 37.0 283.0
 37.5 283.0
 38.0 283.0
 38.5 283.0
 39.0 283.0
 39.5 283.0
 40.0 283.0
 40.5 283.0
 41.0 283.0
 41.5 283.0
 42.0 283.0
 42.5 283.0
 43.0 283.0
 43.5 283.0
 44.0 283.0
 44.5 283.0
 45.0 283.0
 45.5 283.0
 46.0 283.0
 46.5 283.0
 47.0 283.0
 47.5 283.0
 48.0 283.0
 48.5 283.0
 49.0 283.0
 49.5 283.0
 50.0 283.0
 25.5 283.5
 26.0 283.5
 26.5 283.5
 27.0 283.5
 27.5 283.5
 28.0 283.5
 28.5 283.5
 29.0 283.5
 29.5 283.5
 30.0 283.5
 30.5 283.5
 31.0 283.5
 31.5 283.5
 32.0 283.5
 32.5 283.5
 33.0 283.5
 33.5 283.5
 34.0 283.5
 34.5 283.5
 35.0 283.5
 35.5 283.5
 36.0 283.5
 36.5 283.5
 37.0 283.5
 37.5 283.5
 38.0 283.5
 38.5 283.5
 39.0 283.5
 39.5 283.5
 40.0 283.5
 40.5 283.5
 41.0 283.5
 41.5 283.5
 42.0 283.5
 42.5 283.5
 43.0 283.5
 43.5 283.5
 44.0 283.5
 44.5 283.5
 45.0 283.5
 45.5 283.5
 46.0 283.5
 46.5 283.5
 47.0 283.5
 47.5 283.5
 48.0 283.5
 48.5 283.5
 49.0 283.5
 49.5 283.5
 50.0 283.5
 25.5 284.0
 26.0 284.0
 26.5 284.0
 27.0 284.0
 27.5 284.0
 28.0 284.0
 28.5 284.0
 29.0 284.0
 29.5 284.0
 30.0 284.0
 30.5 284.0
 31.0 284.0
 31.5 284.0
 32.0 284.0
 32.5 284.0
 33.0 284.0
 33.5 284.0
 34.0 284.0
 34.5 284.0
 35.0 284.0
 35.5 284.0
 36.0 284.0
 36.5 284.0
 37.0 284.0
 37.5 284.0
 38.0 284.0
 38.5 284.0
 39.0 284.0
 39.5 284.0
 40.0 284.0
 40.5 284.0
 41.0 284.0
 41.5 284.0
 42.0 284.0
 42.5 284.0
 43.0 284.0
 43.5 284.0
 44.0 284.0
 44.5 284.0
 45.0 284.0
 45.5 284.0
 46.0 284.0
 46.5 284.0
 47.0 284.0
 47.5 284.0
 48.0 284.0
 48.5 284.0
 49.0 284.0
 49.5 284.0
 50.0 284.0
 25.5 284.5
 26.0 284.5
 26.5 284.5
 27.0 284.5
 27.5 284.5
 28.0 284.5
 28.5 284.5
 29.0 284.5
 29.5 284.5
 30.0 284.5
 30.5 284.5
 31.0 284.5
 31.5 284.5
 32.0 284.5
 32.5 284.5
 33.0 284.5
 33.5 284.5
 34.0 284.5
 34.5 284.5
 35.0 284.5
 35.5 284.5
 36.0 284.5
 36.5 284.5
 37.0 284.5
 37.5 284.5
 38.0 284.5
 38.5 284.5
 39.0 284.5
 39.5 284.5
 40.0 284.5
 40.5 284.5
 41.0 284.5
 41.5 284.5
 42.0 284.5
 42.5 284.5
 43.0 284.5
 43.5 284.5
 44.0 284.5
 44.5 284.5
 45.0 284.5
 45.5 284.5
 46.0 284.5
 46.5 284.5
 47.0 284.5
 47.5 284.5
 48.0 284.5
 48.5 284.5
 49.0 284.5
 49.5 284.5
 50.0 284.5
 25.5 285.0
 26.0 285.0
 26.5 285.0
 27.0 285.0
 27.5 285.0
 28.0 285.0
 28.5 285.0
 29.0 285.0
 29.5 285.0
 30.0 285.0
 30.5 285.0
 31.0 285.0
 31.5 285.0
 32.0 285.0
 32.5 285.0
 33.0 285.0
 33.5 285.0
 34.0 285.0
 34.5 285.0
 35.0 285.0
 35.5 285.0
 36.0 285.0
 36.5 285.0
 37.0 285.0
 37.5 285.0
 38.0 285.0
 38.5 285.0
 39.0 285.0
 39.5 285.0
 40.0 285.0
 40.5 285.0
 41.0 285.0
 41.5 285.0
 42.0 285.0
 42.5 285.0
 43.0 285.0
 43.5 285.0
 44.0 285.0
 44.5 285.0
 45.0 285.0
 45.5 285.0
 46.0 285.0
 46.5 285.0
 47.0 285.0
 47.5 285.0
 48.0 285.0
 48.5 285.0
 49.0 285.0
 49.5 285.0
 50.0 285.0
 25.5 285.5
 26.0 285.5
 26.5 285.5
 27.0 285.5
 27.5 285.5
 28.0 285.5
 28.5 285.5
 29.0 285.5
 29.5 285.5
 30.0 285.5
 30.5 285.5
 31.0 285.5
 31.5 285.5
 32.0 285.5
 32.5 285.5
 33.0 285.5
 33.5 285.5
 34.0 285.5
 34.5 285.5
 35.0 285.5
 35.5 285.5
 36.0 285.5
 36.5 285.5
 37.0 285.5
 37.5 285.5
 38.0 285.5
 38.5 285.5
 39.0 285.5
 39.5 285.5
 40.0 285.5
 40.5 285.5
 41.0 285.5
 41.5 285.5
 42.0 285.5
 42.5 285.5
 43.0 285.5
 43.5 285.5
 44.0 285.5
 44.5 285.5
 45.0 285.5
 45.5 285.5
 46.0 285.5
 46.5 285.5
 47.0 285.5
 47.5 285.5
 48.0 285.5
 48.5 285.5
 49.0 285.5
 49.5 285.5
 50.0 285.5
 25.5 286.0
 26.0 286.0
 26.5 286.0
 27.0 286.0
 27.5 286.0
 28.0 286.0
 28.5 286.0
 29.0 286.0
 29.5 286.0
 30.0 286.0
 30.5 286.0
 31.0 286.0
 31.5 286.0
 32.0 286.0
 32.5 286.0
 33.0 286.0
 33.5 286.0
 34.0 286.0
 34.5 286.0
 35.0 286.0
 35.5 286.0
 36.0 286.0
 36.5 286.0
 37.0 286.0
 37.5 286.0
 38.0 286.0
 38.5 286.0
 39.0 286.0
 39.5 286.0
 40.0 286.0
 40.5 286.0
 41.0 286.0
 41.5 286.0
 42.0 286.0
 42.5 286.0
 43.0 286.0
 43.5 286.0
 44.0 286.0
 44.5 286.0
 45.0 286.0
 45.5 286.0
 46.0 286.0
 46.5 286.0
 47.0 286.0
 47.5 286.0
 48.0 286.0
 48.5 286.0
 49.0 286.0
 49.5 286.0
 50.0 286.0
 25.5 286.5
 26.0 286.5
 26.5 286.5
 27.0 286.5
 27.5 286.5
 28.0 286.5
 28.5 286.5
 29.0 286.5
 29.5 286.5
 30.0 286.5
 30.5 286.5
 31.0 286.5
 31.5 286.5
 32.0 286.5
 32.5 286.5
 33.0 286.5
 33.5 286.5
 34.0 286.5
 34.5 286.5
 35.0 286.5
 35.5 286.5
 36.0 286.5
 36.5 286.5
 37.0 286.5
 37.5 286.5
 38.0 286.5
 38.5 286.5
 39.0 286.5
 39.5 286.5
 40.0 286.5
 40.5 286.5
 41.0 286.5
 41.5 286.5
 42.0 286.5
 42.5 286.5
 43.0 286.5
 43.5 286.5
 44.0 286.5
 44.5 286.5
 45.0 286.5
 45.5 286.5
 46.0 286.5
 46.5 286.5
 47.0 286.5
 47.5 286.5
 48.0 286.5
 48.5 286.5
 49.0 286.5
 49.5 286.5
 50.0 286.5
 25.5 287.0
 26.0 287.0
 26.5 287.0
 27.0 287.0
 27.5 287.0
 28.0 287.0
 28.5 287.0
 29.0 287.0
 29.5 287.0
 30.0 287.0
 30.5 287.0
 31.0 287.0
 31.5 287.0
 32.0 287.0
 32.5 287.0
 33.0 287.0
 33.5 287.0
 34.0 287.0
 34.5 287.0
 35.0 287.0
 35.5 287.0
 36.0 287.0
 36.5 287.0
 37.0 287.0
 37.5 287.0
 38.0 287.0
 38.5 287.0
 39.0 287.0
 39.5 287.0
 40.0 287.0
 40.5 287.0
 41.0 287.0
 41.5 287.0
 42.0 287.0
 42.5 287.0
 43.0 287.0
 43.5 287.0
 44.0 287.0
 44.5 287.0
 45.0 287.0
 45.5 287.0
 46.0 287.0
 46.5 287.0
 47.0 287.0
 47.5 287.0
 48.0 287.0
 48.5 287.0
 49.0 287.0
 49.5 287.0
 50.0 287.0
 25.5 287.5
 26.0 287.5
 26.5 287.5
 27.0 287.5
 27.5 287.5
 28.0 287.5
 28.5 287.5
 29.0 287.5
 29.5 287.5
 30.0 287.5
 30.5 287.5
 31.0 287.5
 31.5 287.5
 32.0 287.5
 32.5 287.5
 33.0 287.5
 33.5 287.5
 34.0 287.5
 34.5 287.5
 35.0 287.5
 35.5 287.5
 36.0 287.5
 36.5 287.5
 37.0 287.5
 37.5 287.5
 38.0 287.5
 38.5 287.5
 39.0 287.5
 39.5 287.5
 40.0 287.5
 40.5 287.5
 41.0 287.5
 41.5 287.5
 42.0 287.5
 42.5 287.5
 43.0 287.5
 43.5 287.5
 44.0 287.5
 44.5 287.5
 45.0 287.5
 45.5 287.5
 46.0 287.5
 46.5 287.5
 47.0 287.5
 47.5 287.5
 48.0 287.5
 48.5 287.5
 49.0 287.5
 49.5 287.5
 50.0 287.5
 25.5 288.0
 26.0 288.0
 26.5 288.0
 27.0 288.0
 27.5 288.0
 28.0 288.0
 28.5 288.0
 29.0 288.0
 29.5 288.0
 30.0 288.0
 30.5 288.0
 31.0 288.0
 31.5 288.0
 32.0 288.0
 32.5 288.0
 33.0 288.0
 33.5 288.0
 34.0 288.0
 34.5 288.0
 35.0 288.0
 35.5 288.0
 36.0 288.0
 36.5 288.0
 37.0 288.0
 37.5 288.0
 38.0 288.0
 38.5 288.0
 39.0 288.0
 39.5 288.0
 40.0 288.0
 40.5 288.0
 41.0 288.0
 41.5 288.0
 42.0 288.0
 42.5 288.0
 43.0 288.0
 43.5 288.0
 44.0 288.0
 44.5 288.0
 45.0 288.0
 45.5 288.0
 46.0 288.0
 46.5 288.0
 47.0 288.0
 47.5 288.0
 48.0 288.0
 48.5 288.0
 49.0 288.0
 49.5 288.0
 50.0 288.0
 25.5 288.5
 26.0 288.5
 26.5 288.5
 27.0 288.5
 27.5 288.5
 28.0 288.5
 28.5 288.5
 29.0 288.5
 29.5 288.5
 30.0 288.5
 30.5 288.5
 31.0 288.5
 31.5 288.5
 32.0 288.5
 32.5 288.5
 33.0 288.5
 33.5 288.5
 34.0 288.5
 34.5 288.5
 35.0 288.5
 35.5 288.5
 36.0 288.5
 36.5 288.5
 37.0 288.5
 37.5 288.5
 38.0 288.5
 38.5 288.5
 39.0 288.5
 39.5 288.5
 40.0 288.5
 40.5 288.5
 41.0 288.5
 41.5 288.5
 42.0 288.5
 42.5 288.5
 43.0 288.5
 43.5 288.5
 44.0 288.5
 44.5 288.5
 45.0 288.5
 45.5 288.5
 46.0 288.5
 46.5 288.5
 47.0 288.5
 47.5 288.5
 48.0 288.5
 48.5 288.5
 49.0 288.5
 49.5 288.5
 50.0 288.5
 25.5 289.0
 26.0 289.0
 26.5 289.0
 27.0 289.0
 27.5 289.0
 28.0 289.0
 28.5 289.0
 29.0 289.0
 29.5 289.0
 30.0 289.0
 30.5 289.0
 31.0 289.0
 31.5 289.0
 32.0 289.0
 32.5 289.0
 33.0 289.0
 33.5 289.0
 34.0 289.0
 34.5 289.0
 35.0 289.0
 35.5 289.0
 36.0 289.0
 36.5 289.0
 37.0 289.0
 37.5 289.0
 38.0 289.0
 38.5 289.0
 39.0 289.0
 39.5 289.0
 40.0 289.0
 40.5 289.0
 41.0 289.0
 41.5 289.0
 42.0 289.0
 42.5 289.0
 43.0 289.0
 43.5 289.0
 44.0 289.0
 44.5 289.0
 45.0 289.0
 45.5 289.0
 46.0 289.0
 46.5 289.0
 47.0 289.0
 47.5 289.0
 48.0 289.0
 48.5 289.0
 49.0 289.0
 49.5 289.0
 50.0 289.0
 25.5 289.5
 26.0 289.5
 26.5 289.5
 27.0 289.5
 27.5 289.5
 28.0 289.5
 28.5 289.5
 29.0 289.5
 29.5 289.5
 30.0 289.5
 30.5 289.5
 31.0 289.5
 31.5 289.5
 32.0 289.5
 32.5 289.5
 33.0 289.5
 33.5 289.5
 34.0 289.5
 34.5 289.5
 35.0 289.5
 35.5 289.5
 36.0 289.5
 36.5 289.5
 37.0 289.5
 37.5 289.5
 38.0 289.5
 38.5 289.5
 39.0 289.5
 39.5 289.5
 40.0 289.5
 40.5 289.5
 41.0 289.5
 41.5 289.5
 42.0 289.5
 42.5 289.5
 43.0 289.5
 43.5 289.5
 44.0 289.5
 44.5 289.5
 45.0 289.5
 45.5 289.5
 46.0 289.5
 46.5 289.5
 47.0 289.5
 47.5 289.5
 48.0 289.5
 48.5 289.5
 49.0 289.5
 49.5 289.5
 50.0 289.5
 25.5 290.0
 26.0 290.0
 26.5 290.0
 27.0 290.0
 27.5 290.0
 28.0 290.0
 28.5 290.0
 29.0 290.0
 29.5 290.0
 30.0 290.0
 30.5 290.0
 31.0 290.0
 31.5 290.0
 32.0 290.0
 32.5 290.0
 33.0 290.0
 33.5 290.0
 34.0 290.0
 34.5 290.0
 35.0 290.0
 35.5 290.0
 36.0 290.0
 36.5 290.0
 37.0 290.0
 37.5 290.0
 38.0 290.0
 38.5 290.0
 39.0 290.0
 39.5 290.0
 40.0 290.0
 40.5 290.0
 41.0 290.0
 41.5 290.0
 42.0 290.0
 42.5 290.0
 43.0 290.0
 43.5 290.0
 44.0 290.0
 44.5 290.0
 45.0 290.0
 45.5 290.0
 46.0 290.0
 46.5 290.0
 47.0 290.0
 47.5 290.0
 48.0 290.0
 48.5 290.0
 49.0 290.0
 49.5 290.0
 50.0 290.0
 25.5 290.5
 26.0 290.5
 26.5 290.5
 27.0 290.5
 27.5 290.5
 28.0 290.5
 28.5 290.5
 29.0 290.5
 29.5 290.5
 30.0 290.5
 30.5 290.5
 31.0 290.5
 31.5 290.5
 32.0 290.5
 32.5 290.5
 33.0 290.5
 33.5 290.5
 34.0 290.5
 34.5 290.5
 35.0 290.5
 35.5 290.5
 36.0 290.5
 36.5 290.5
 37.0 290.5
 37.5 290.5
 38.0 290.5
 38.5 290.5
 39.0 290.5
 39.5 290.5
 40.0 290.5
 40.5 290.5
 41.0 290.5
 41.5 290.5
 42.0 290.5
 42.5 290.5
 43.0 290.5
 43.5 290.5
 44.0 290.5
 44.5 290.5
 45.0 290.5
 45.5 290.5
 46.0 290.5
 46.5 290.5
 47.0 290.5
 47.5 290.5
 48.0 290.5
 48.5 290.5
 49.0 290.5
 49.5 290.5
 50.0 290.5
 25.5 291.0
 26.0 291.0
 26.5 291.0
 27.0 291.0
 27.5 291.0
 28.0 291.0
 28.5 291.0
 29.0 291.0
 29.5 291.0
 30.0 291.0
 30.5 291.0
 31.0 291.0
 31.5 291.0
 32.0 291.0
 32.5 291.0
 33.0 291.0
 33.5 291.0
 34.0 291.0
 34.5 291.0
 35.0 291.0
 35.5 291.0
 36.0 291.0
 36.5 291.0
 37.0 291.0
 37.5 291.0
 38.0 291.0
 38.5 291.0
 39.0 291.0
 39.5 291.0
 40.0 291.0
 40.5 291.0
 41.0 291.0
 41.5 291.0
 42.0 291.0
 42.5 291.0
 43.0 291.0
 43.5 291.0
 44.0 291.0
 44.5 291.0
 45.0 291.0
 45.5 291.0
 46.0 291.0
 46.5 291.0
 47.0 291.0
 47.5 291.0
 48.0 291.0
 48.5 291.0
 49.0 291.0
 49.5 291.0
 50.0 291.0
 25.5 291.5
 26.0 291.5
 26.5 291.5
 27.0 291.5
 27.5 291.5
 28.0 291.5
 28.5 291.5
 29.0 291.5
 29.5 291.5
 30.0 291.5
 30.5 291.5
 31.0 291.5
 31.5 291.5
 32.0 291.5
 32.5 291.5
 33.0 291.5
 33.5 291.5
 34.0 291.5
 34.5 291.5
 35.0 291.5
 35.5 291.5
 36.0 291.5
 36.5 291.5
 37.0 291.5
 37.5 291.5
 38.0 291.5
 38.5 291.5
 39.0 291.5
 39.5 291.5
 40.0 291.5
 40.5 291.5
 41.0 291.5
 41.5 291.5
 42.0 291.5
 42.5 291.5
 43.0 291.5
 43.5 291.5
 44.0 291.5
 44.5 291.5
 45.0 291.5
 45.5 291.5
 46.0 291.5
 46.5 291.5
 47.0 291.5
 47.5 291.5
 48.0 291.5
 48.5 291.5
 49.0 291.5
 49.5 291.5
 50.0 291.5
 25.5 292.0
 26.0 292.0
 26.5 292.0
 27.0 292.0
 27.5 292.0
 28.0 292.0
 28.5 292.0
 29.0 292.0
 29.5 292.0
 30.0 292.0
 30.5 292.0
 31.0 292.0
 31.5 292.0
 32.0 292.0
 32.5 292.0
 33.0 292.0
 33.5 292.0
 34.0 292.0
 34.5 292.0
 35.0 292.0
 35.5 292.0
 36.0 292.0
 36.5 292.0
 37.0 292.0
 37.5 292.0
 38.0 292.0
 38.5 292.0
 39.0 292.0
 39.5 292.0
 40.0 292.0
 40.5 292.0
 41.0 292.0
 41.5 292.0
 42.0 292.0
 42.5 292.0
 43.0 292.0
 43.5 292.0
 44.0 292.0
 44.5 292.0
 45.0 292.0
 45.5 292.0
 46.0 292.0
 46.5 292.0
 47.0 292.0
 47.5 292.0
 48.0 292.0
 48.5 292.0
 49.0 292.0
 49.5 292.0
 50.0 292.0
 25.5 292.5
 26.0 292.5
 26.5 292.5
 27.0 292.5
 27.5 292.5
 28.0 292.5
 28.5 292.5
 29.0 292.5
 29.5 292.5
 30.0 292.5
 30.5 292.5
 31.0 292.5
 31.5 292.5
 32.0 292.5
 32.5 292.5
 33.0 292.5
 33.5 292.5
 34.0 292.5
 34.5 292.5
 35.0 292.5
 35.5 292.5
 36.0 292.5
 36.5 292.5
 37.0 292.5
 37.5 292.5
 38.0 292.5
 38.5 292.5
 39.0 292.5
 39.5 292.5
 40.0 292.5
 40.5 292.5
 41.0 292.5
 41.5 292.5
 42.0 292.5
 42.5 292.5
 43.0 292.5
 43.5 292.5
 44.0 292.5
 44.5 292.5
 45.0 292.5
 45.5 292.5
 46.0 292.5
 46.5 292.5
 47.0 292.5
 47.5 292.5
 48.0 292.5
 48.5 292.5
 49.0 292.5
 49.5 292.5
 50.0 292.5
 25.5 293.0
 26.0 293.0
 26.5 293.0
 27.0 293.0
 27.5 293.0
 28.0 293.0
 28.5 293.0
 29.0 293.0
 29.5 293.0
 30.0 293.0
 30.5 293.0
 31.0 293.0
 31.5 293.0
 32.0 293.0
 32.5 293.0
 33.0 293.0
 33.5 293.0
 34.0 293.0
 34.5 293.0
 35.0 293.0
 35.5 293.0
 36.0 293.0
 36.5 293.0
 37.0 293.0
 37.5 293.0
 38.0 293.0
 38.5 293.0
 39.0 293.0
 39.5 293.0
 40.0 293.0
 40.5 293.0
 41.0 293.0
 41.5 293.0
 42.0 293.0
 42.5 293.0
 43.0 293.0
 43.5 293.0
 44.0 293.0
 44.5 293.0
 45.0 293.0
 45.5 293.0
 46.0 293.0
 46.5 293.0
 47.0 293.0
 47.5 293.0
 48.0 293.0
 48.5 293.0
 49.0 293.0
 49.5 293.0
 50.0 293.0
 25.5 293.5
 26.0 293.5
 26.5 293.5
 27.0 293.5
 27.5 293.5
 28.0 293.5
 28.5 293.5
 29.0 293.5
 29.5 293.5
 30.0 293.5
 30.5 293.5
 31.0 293.5
 31.5 293.5
 32.0 293.5
 32.5 293.5
 33.0 293.5
 33.5 293.5
 34.0 293.5
 34.5 293.5
 35.0 293.5
 35.5 293.5
 36.0 293.5
 36.5 293.5
 37.0 293.5
 37.5 293.5
 38.0 293.5
 38.5 293.5
 39.0 293.5
 39.5 293.5
 40.0 293.5
 40.5 293.5
 41.0 293.5
 41.5 293.5
 42.0 293.5
 42.5 293.5
 43.0 293.5
 43.5 293.5
 44.0 293.5
 44.5 293.5
 45.0 293.5
 45.5 293.5
 46.0 293.5
 46.5 293.5
 47.0 293.5
 47.5 293.5
 48.0 293.5
 48.5 293.5
 49.0 293.5
 49.5 293.5
 50.0 293.5
 25.5 294.0
 26.0 294.0
 26.5 294.0
 27.0 294.0
 27.5 294.0
 28.0 294.0
 28.5 294.0
 29.0 294.0
 29.5 294.0
 30.0 294.0
 30.5 294.0
 31.0 294.0
 31.5 294.0
 32.0 294.0
 32.5 294.0
 33.0 294.0
 33.5 294.0
 34.0 294.0
 34.5 294.0
 35.0 294.0
 35.5 294.0
 36.0 294.0
 36.5 294.0
 37.0 294.0
 37.5 294.0
 38.0 294.0
 38.5 294.0
 39.0 294.0
 39.5 294.0
 40.0 294.0
 40.5 294.0
 41.0 294.0
 41.5 294.0
 42.0 294.0
 42.5 294.0
 43.0 294.0
 43.5 294.0
 44.0 294.0
 44.5 294.0
 45.0 294.0
 45.5 294.0
 46.0 294.0
 46.5 294.0
 47.0 294.0
 47.5 294.0
 48.0 294.0
 48.5 294.0
 49.0 294.0
 49.5 294.0
 50.0 294.0
 25.5 294.5
 26.0 294.5
 26.5 294.5
 27.0 294.5
 27.5 294.5
 28.0 294.5
 28.5 294.5
 29.0 294.5
 29.5 294.5
 30.0 294.5
 30.5 294.5
 31.0 294.5
 31.5 294.5
 32.0 294.5
 32.5 294.5
 33.0 294.5
 33.5 294.5
 34.0 294.5
 34.5 294.5
 35.0 294.5
 35.5 294.5
 36.0 294.5
 36.5 294.5
 37.0 294.5
 37.5 294.5
 38.0 294.5
 38.5 294.5
 39.0 294.5
 39.5 294.5
 40.0 294.5
 40.5 294.5
 41.0 294.5
 41.5 294.5
 42.0 294.5
 42.5 294.5
 43.0 294.5
 43.5 294.5
 44.0 294.5
 44.5 294.5
 45.0 294.5
 45.5 294.5
 46.0 294.5
 46.5 294.5
 47.0 294.5
 47.5 294.5
 48.0 294.5
 48.5 294.5
 49.0 294.5
 49.5 294.5
 50.0 294.5
 25.5 295.0
 26.0 295.0
 26.5 295.0
 27.0 295.0
 27.5 295.0
 28.0 295.0
 28.5 295.0
 29.0 295.0
 29.5 295.0
 30.0 295.0
 30.5 295.0
 31.0 295.0
 31.5 295.0
 32.0 295.0
 32.5 295.0
 33.0 295.0
 33.5 295.0
 34.0 295.0
 34.5 295.0
 35.0 295.0
 35.5 295.0
 36.0 295.0
 36.5 295.0
 37.0 295.0
 37.5 295.0
 38.0 295.0
 38.5 295.0
 39.0 295.0
 39.5 295.0
 40.0 295.0
 40.5 295.0
 41.0 295.0
 41.5 295.0
 42.0 295.0
 42.5 295.0
 43.0 295.0
 43.5 295.0
 44.0 295.0
 44.5 295.0
 45.0 295.0
 45.5 295.0
 46.0 295.0
 46.5 295.0
 47.0 295.0
 47.5 295.0
 48.0 295.0
 48.5 295.0
 49.0 295.0
 49.5 295.0
 50.0 295.0
