  -30.4197998       151.628006    
  -32.8110008       136.056503    
  -30.6147003       116.709099    
  -35.3208008       148.998596    
  -13.9562998       143.175705    
  -20.0881996       146.254501    
  -25.3691006       151.081696    
  -18.1019993       125.639000    
  -30.7789993       128.059006    
  -31.6601009       137.029999    
  -31.9890995       134.881897    
  -32.5200996       136.490005    
  -33.7909012       135.817001    
  -15.6580000       130.477295    
  -16.0128002       128.000000    
  -15.9281998       127.247803    
  -16.8195000       124.912300    
  -18.1821995       124.777199    
  -18.8680000       126.241798    
  -17.2812996       127.464500    
  -16.5962009       128.479507    
  -15.6243000       131.127701    
  -15.9122000       128.122498    
  -16.1019993       126.600998    
  -16.6977005       125.919502    
  -17.3462009       126.098503    
  -17.0827999       125.715797    
  -17.5606995       124.829803    
  -17.7528000       124.526802    
  -18.2516994       123.660698    
  -20.2520008       121.711800    
  -18.1938000       127.817299    
  -14.7989998       126.502197    
  -31.3668995       121.882103    
  -19.5799999       137.130005    
  -26.2087994       114.287498    
  -24.9648991       114.801300    
  -23.1530991       114.547600    
  -22.4859009       115.445000    
  -21.5608006       115.890099    
  -23.3833008       117.033302    
  -21.1590004       119.731201    
  -36.6540985       140.431107    
  -37.0662994       139.856400    
  -37.1783981       140.609299    
  -37.4788017       140.357697    
  -37.5405998       140.924103    
  -37.8647003       140.870697    
  -31.9783001       116.208298    
  -32.9266014       117.233299    
  -35.7652016       149.408997    
  -35.4954987       148.098007    
  -35.2290001       147.625702    
  -34.9980011       146.613495    
  -34.6997986       146.176300    
  -34.5662003       144.652802    
  -34.4804993       143.571304    
  -32.9912987       150.664200    
  -32.1824989       149.803299    
  -32.0084991       149.228195    
  -31.9652996       148.093796    
  -31.7558002       147.401505    
  -31.6184998       146.531998    
  -31.4169998       144.902298    
  -31.3803005       143.493698    
  -29.9237995       150.590302    
  -30.8822002       145.869003    
  -34.4072990       149.392303    
  -33.3585014       145.040207    
  -33.9309998       142.378296    
  -35.8255005       147.657303    
  -36.9523010       145.771500    
  -36.5411987       141.963699    
  -20.8903008       117.639297    
  -20.6287003       118.723801    
  -13.9594002       143.178604    
  -17.3644009       144.485306    
  -20.3386002       142.666702    
  -22.9435997       140.142807    
  -23.2033005       144.272202    
  -22.8980999       148.306702    
  -26.0328007       146.780304    
  -25.7833996       139.583405    
  -26.5000992       142.883408    
  -28.6000004       140.250198    
  -29.3334007       145.000107    
  -31.8868008       141.583496    
  -35.0334015       140.133499    
  -34.6501007       144.500107    
  -37.4168015       141.966797    
  -32.2834015       146.850098    
  -28.6501007       149.000107    
  -13.3999996       131.501694    
  -14.8857002       134.004501    
  -16.6298008       129.316803    
  -16.6054993       133.307495    
  -16.9669991       135.783905    
  -19.1436996       128.117905    
  -22.2747993       131.367203    
  -25.1900005       133.324097    
  -25.1907005       133.325104    
  -27.0515003       125.185699    
  -28.5104008       128.988693    
  -29.0013008       133.585098    
  -28.4962997       135.902100    
  -31.0806999       125.326103    
  -30.7208004       130.410904    
  -30.4323997       139.421494    
  -32.8436012       136.065704    
  -31.8768997       141.595001    
  -18.2299995       133.360001    
  -40.9743004       145.133606    
  -41.0399017       145.285202    
  -41.0705986       145.058197    
  -41.1898994       145.772400    
  -41.3195992       145.669006    
  -41.3820000       145.826294    
  -42.0355988       145.592499    
  -42.0302010       146.818100    
  -42.6319008       146.688004    
  -42.2748985       147.314697    
  -41.3366013       147.337799    
  -41.5586014       146.848694    
  -40.0209007       148.057602    
  -42.9099007       147.320404    
  -37.2472000       147.751907    
  -38.3535004       146.322998    
  -37.0966988       145.409897    
  -38.2267990       143.741898    
  -18.0011005       141.635101    
  -18.9265995       144.478500    
  -20.1466007       139.405502    
  -21.6755009       140.975006    
  -22.7182007       144.498901    
  -22.2563992       137.957901    
  -22.9605007       135.667603    
  -25.1977005       142.638000    
  -25.6821003       134.764694    
  -27.3609009       142.476898    
  -27.6464996       145.626007    
  -27.6341991       135.596802    
  -29.7266998       137.882706    
  -29.8199997       141.925003    
  -30.7409992       137.228302    
  -31.4167004       144.901703    
  -31.6571007       139.571899    
  -32.5108986       138.883102    
  -33.3408012       141.451401    
  -35.7225990       142.531403    
  -37.5713997       145.490601    
  -19.9442005       134.352493    
  -28.3209991       116.935501    
  -28.2415009       117.441803    
  -28.2945004       118.302299    
  -28.0352001       118.836700    
  -28.6805000       118.824997    
  -29.2823009       121.257202    
  -31.2134991       121.093201    
  -30.2112999       121.084801    
  -31.0228004       122.598503    
  -29.9692001       122.546303    
  -30.4755001       122.707802    
  -28.9500008       122.516701    
  -31.2567997       119.823196    
  -29.7637997       121.724297    
  -28.8710003       122.779503    
  -22.5431004       116.119202    
  -23.9435997       119.967201    
  -24.4078007       115.373901    
  -26.1861000       121.932404    
  -26.3237000       117.982399    
  -28.3841000       115.843498    
  -28.4754009       122.451698    
  -30.7247009       118.351799    
  -32.0363998       122.792099    
  -32.8559990       119.678398    
  -34.0057983       116.054497    
  -19.9335995       134.360001    
  -27.4221992       118.910400    
  -26.1035995       119.104797    
  -25.5352993       118.792397    
  -24.9813004       118.750198    
  -24.3992996       118.973297    
  -23.5312004       119.158501    
  -31.8453007       116.607201    
  -31.8314991       117.264900    
  -31.5081005       117.773598    
  -31.2957993       118.359398    
  -31.1257992       118.939003    
  -31.1275005       120.536301    
  -30.7807007       121.772598    
  -30.4183998       122.510597    
  -28.4158993       119.699997    
  -28.6641998       120.455704    
  -28.6891003       120.964897    
  -28.6564007       121.495003    
  -28.6825008       122.028702    
  -31.3535004       115.715401    
  -37.3499985       147.320007    
  -37.4000015       144.630005    
  -41.2999992       145.580002    
  -41.3199997       147.410004    
  -37.3400993       141.922699    
  -36.6581001       149.341202    
  -33.6003990       148.706497    
  -31.5319996       151.099503    
  -29.6751003       151.917694    
  -34.2980003       148.396301    
