1 1698.56246 0.1000
1 1675.94960 0.1000
1 1653.73572 0.1000
1 1631.93806 0.1000
1 1610.57449 0.1000
1 1589.66348 0.1000
1 1569.22408 0.1000
1 1549.27591 0.1000
1 1529.83913 0.1000
1 1510.93445 0.1000
1 1492.58301 0.1000
1 1474.80642 0.1000
1 1457.62664 0.1000
1 1441.06595 0.1000
1 1425.14686 0.1000
1 1409.89200 0.1000
1 1395.32408 0.1000
1 1381.46572 0.1000
1 1368.33936 0.1000
1 1355.96715 0.1000
1 1344.37074 0.1000
1 1333.57124 0.1000
1 1323.58897 0.1000
1 1314.44335 0.1000
1 1306.15276 0.1000
1 1298.73433 0.1000
1 1292.20384 0.1000
1 1286.57551 0.1000
1 1281.86193 0.1000
1 1278.07389 0.1000
1 1275.22028 0.1000
1 1273.30797 0.1000
1 1671.26766 0.1000
1 1648.54673 0.1000
1 1626.23303 0.1000
1 1604.34449 0.1000
1 1582.89969 0.1000
1 1561.91785 0.1000
1 1541.41881 0.1000
1 1521.42303 0.1000
1 1501.95154 0.1000
1 1483.02592 0.1000
1 1464.66828 0.1000
1 1446.90115 0.1000
1 1429.74747 0.1000
1 1413.23049 0.1000
1 1397.37370 0.1000
1 1382.20073 0.1000
1 1367.73523 0.1000
1 1354.00077 0.1000
1 1341.02067 0.1000
1 1328.81790 0.1000
1 1317.41493 0.1000
1 1306.83351 0.1000
1 1297.09458 0.1000
1 1288.21804 0.1000
1 1280.22261 0.1000
1 1273.12566 0.1000
1 1266.94303 0.1000
1 1261.68886 0.1000
1 1257.37548 0.1000
1 1254.01327 0.1000
1 1251.61052 0.1000
1 1250.17335 0.1000
1 1644.05969 0.1000
1 1621.22200 0.1000
1 1598.79972 0.1000
1 1576.81149 0.1000
1 1555.27664 0.1000
1 1534.21518 0.1000
1 1513.64780 0.1000
1 1493.59582 0.1000
1 1474.08119 0.1000
1 1455.12646 0.1000
1 1436.75470 0.1000
1 1418.98946 0.1000
1 1401.85471 0.1000
1 1385.37475 0.1000
1 1369.57412 0.1000
1 1354.47748 0.1000
1 1340.10950 0.1000
1 1326.49476 0.1000
1 1313.65752 0.1000
1 1301.62165 0.1000
1 1290.41042 0.1000
1 1280.04631 0.1000
1 1270.55089 0.1000
1 1261.94454 0.1000
1 1254.24635 0.1000
1 1247.47389 0.1000
1 1241.64303 0.1000
1 1236.76781 0.1000
1 1232.86024 0.1000
1 1229.93021 0.1000
1 1227.98533 0.1000
1 1227.03088 0.1000
1 1616.94590 0.1000
1 1593.98249 0.1000
1 1571.44256 0.1000
1 1549.34551 0.1000
1 1527.71146 0.1000
1 1506.56125 0.1000
1 1485.91644 0.1000
1 1465.79930 0.1000
1 1446.23274 0.1000
1 1427.24031 0.1000
1 1408.84613 0.1000
1 1391.07484 0.1000
1 1373.95149 0.1000
1 1357.50151 0.1000
1 1341.75054 0.1000
1 1326.72437 0.1000
1 1312.44876 0.1000
1 1298.94934 0.1000
1 1286.25139 0.1000
1 1274.37973 0.1000
1 1263.35849 0.1000
1 1253.21092 0.1000
1 1243.95922 0.1000
1 1235.62429 0.1000
1 1228.22558 0.1000
1 1221.78083 0.1000
1 1216.30596 0.1000
1 1211.81480 0.1000
1 1208.31901 0.1000
1 1205.82790 0.1000
1 1204.34831 0.1000
1 1203.88458 0.1000
1 1589.93406 0.1000
1 1566.83565 0.1000
1 1544.16870 0.1000
1 1521.95337 0.1000
1 1500.21060 0.1000
1 1478.96213 0.1000
1 1458.23043 0.1000
1 1438.03876 0.1000
1 1418.41105 0.1000
1 1399.37193 0.1000
1 1380.94663 0.1000
1 1363.16093 0.1000
1 1346.04106 0.1000
1 1329.61363 0.1000
1 1313.90548 0.1000
1 1298.94360 0.1000
1 1284.75492 0.1000
1 1271.36618 0.1000
1 1258.80377 0.1000
1 1247.09350 0.1000
1 1236.26042 0.1000
1 1226.32859 0.1000
1 1217.32087 0.1000
1 1209.25871 0.1000
1 1202.16189 0.1000
1 1196.04836 0.1000
1 1190.93397 0.1000
1 1186.83234 0.1000
1 1183.75469 0.1000
1 1181.70966 0.1000
1 1180.70325 0.1000
1 1180.73869 0.1000
1 1563.03234 0.1000
1 1539.78937 0.1000
1 1516.98569 0.1000
1 1494.64226 0.1000
1 1472.78091 0.1000
1 1451.42426 0.1000
1 1430.59580 0.1000
1 1410.31980 0.1000
1 1390.62130 0.1000
1 1371.52605 0.1000
1 1353.06048 0.1000
1 1335.25157 0.1000
1 1318.12682 0.1000
1 1301.71412 0.1000
1 1286.04158 0.1000
1 1271.13745 0.1000
1 1257.02993 0.1000
1 1243.74698 0.1000
1 1231.31614 0.1000
1 1219.76429 0.1000
1 1209.11745 0.1000
1 1199.40055 0.1000
1 1190.63716 0.1000
1 1182.84923 0.1000
1 1176.05694 0.1000
1 1170.27835 0.1000
1 1165.52928 0.1000
1 1161.82304 0.1000
1 1159.17031 0.1000
1 1157.57900 0.1000
1 1157.05410 0.1000
1 1157.59765 0.1000
1 1536.24939 0.1000
1 1512.85199 0.1000
1 1489.90153 0.1000
1 1467.41984 0.1000
1 1445.42961 0.1000
1 1423.95448 0.1000
1 1403.01895 0.1000
1 1382.64838 0.1000
1 1362.86897 0.1000
1 1343.70769 0.1000
1 1325.19220 0.1000
1 1307.35083 0.1000
1 1290.21239 0.1000
1 1273.80613 0.1000
1 1258.16155 0.1000
1 1243.30826 0.1000
1 1229.27581 0.1000
1 1216.09346 0.1000
1 1203.78999 0.1000
1 1192.39343 0.1000
1 1181.93084 0.1000
1 1172.42805 0.1000
1 1163.90935 0.1000
1 1156.39729 0.1000
1 1149.91236 0.1000
1 1144.47276 0.1000
1 1140.09418 0.1000
1 1136.78959 0.1000
1 1134.56905 0.1000
1 1133.43958 0.1000
1 1133.40505 0.1000
1 1134.46617 0.1000
1 1509.59434 0.1000
1 1486.03233 0.1000
1 1462.92471 0.1000
1 1440.29419 0.1000
1 1418.16442 0.1000
1 1396.56005 0.1000
1 1375.50668 0.1000
1 1355.03082 0.1000
1 1335.15989 0.1000
1 1315.92215 0.1000
1 1297.34662 0.1000
1 1279.46300 0.1000
1 1262.30155 0.1000
1 1245.89298 0.1000
1 1230.26826 0.1000
1 1215.45849 0.1000
1 1201.49464 0.1000
1 1188.40739 0.1000
1 1176.22683 0.1000
1 1164.98225 0.1000
1 1154.70181 0.1000
1 1145.41228 0.1000
1 1137.13875 0.1000
1 1129.90432 0.1000
1 1123.72983 0.1000
1 1118.63358 0.1000
1 1114.63108 0.1000
1 1111.73485 0.1000
1 1109.95423 0.1000
1 1109.29525 0.1000
1 1109.76052 0.1000
1 1111.34923 0.1000
1 1483.07689 0.1000
1 1459.33974 0.1000
1 1436.06422 0.1000
1 1413.27392 0.1000
1 1390.99351 0.1000
1 1369.24870 0.1000
1 1348.06623 0.1000
1 1327.47384 0.1000
1 1307.50026 0.1000
1 1288.17511 0.1000
1 1269.52885 0.1000
1 1251.59266 0.1000
1 1234.39835 0.1000
1 1217.97818 0.1000
1 1202.36474 0.1000
1 1187.59069 0.1000
1 1173.68857 0.1000
1 1160.69056 0.1000
1 1148.62821 0.1000
1 1137.53209 0.1000
1 1127.43158 0.1000
1 1118.35446 0.1000
1 1110.32662 0.1000
1 1103.37176 0.1000
1 1097.51105 0.1000
1 1092.76285 0.1000
1 1089.14242 0.1000
1 1086.66176 0.1000
1 1085.32936 0.1000
1 1085.15011 0.1000
1 1086.12519 0.1000
1 1088.25212 0.1000
1 1456.70727 0.1000
1 1432.78416 0.1000
1 1409.32962 0.1000
1 1386.36819 0.1000
1 1363.92560 0.1000
1 1342.02866 0.1000
1 1320.70533 0.1000
1 1299.98466 0.1000
1 1279.89673 0.1000
1 1260.47263 0.1000
1 1241.74435 0.1000
1 1223.74467 0.1000
1 1206.50705 0.1000
1 1190.06545 0.1000
1 1174.45415 0.1000
1 1159.70753 0.1000
1 1145.85983 0.1000
1 1132.94484 0.1000
1 1120.99565 0.1000
1 1110.04428 0.1000
1 1100.12136 0.1000
1 1091.25576 0.1000
1 1083.47423 0.1000
1 1076.80107 0.1000
1 1071.25777 0.1000
1 1066.86270 0.1000
1 1063.63081 0.1000
1 1061.57346 0.1000
1 1060.69815 0.1000
1 1061.00848 0.1000
1 1062.50404 0.1000
1 1065.18044 0.1000
1 1430.49637 0.1000
1 1406.37614 0.1000
1 1382.73108 0.1000
1 1359.58677 0.1000
1 1336.96999 0.1000
1 1314.90875 0.1000
1 1293.43227 0.1000
1 1272.57097 0.1000
1 1252.35639 0.1000
1 1232.82119 0.1000
1 1213.99897 0.1000
1 1195.92425 0.1000
1 1178.63225 0.1000
1 1162.15874 0.1000
1 1146.53987 0.1000
1 1131.81186 0.1000
1 1118.01075 0.1000
1 1105.17214 0.1000
1 1093.33075 0.1000
1 1082.52016 0.1000
1 1072.77235 0.1000
1 1064.11736 0.1000
1 1056.58284 0.1000
1 1050.19372 0.1000
1 1044.97177 0.1000
1 1040.93532 0.1000
1 1038.09895 0.1000
1 1036.47323 0.1000
1 1036.06454 0.1000
1 1036.87499 0.1000
1 1038.90238 0.1000
1 1042.14019 0.1000
1 1404.45575 0.1000
1 1380.12689 0.1000
1 1356.27946 0.1000
1 1332.94007 0.1000
1 1310.13663 0.1000
1 1287.89839 0.1000
1 1266.25590 0.1000
1 1245.24102 0.1000
1 1224.88687 0.1000
1 1205.22774 0.1000
1 1186.29900 0.1000
1 1168.13698 0.1000
1 1150.77883 0.1000
1 1134.26229 0.1000
1 1118.62548 0.1000
1 1103.90664 0.1000
1 1090.14379 0.1000
1 1077.37443 0.1000
1 1065.63511 0.1000
1 1054.96106 0.1000
1 1045.38574 0.1000
1 1036.94042 0.1000
1 1029.65371 0.1000
1 1023.55117 0.1000
1 1018.65487 0.1000
1 1014.98302 0.1000
1 1012.54969 0.1000
1 1011.36456 0.1000
1 1011.43271 0.1000
1 1012.75456 0.1000
1 1015.32587 0.1000
1 1019.13778 0.1000
1 1378.59767 0.1000
1 1354.04836 0.1000
1 1329.98632 0.1000
1 1306.43922 0.1000
1 1283.43616 0.1000
1 1261.00767 0.1000
1 1239.18572 0.1000
1 1218.00371 0.1000
1 1197.49638 0.1000
1 1177.69979 0.1000
1 1158.65119 0.1000
1 1140.38888 0.1000
1 1122.95207 0.1000
1 1106.38061 0.1000
1 1090.71480 0.1000
1 1075.99504 0.1000
1 1062.26151 0.1000
1 1049.55379 0.1000
1 1037.91038 0.1000
1 1027.36834 0.1000
1 1017.96271 0.1000
1 1009.72609 0.1000
1 1002.68811 0.1000
1 996.87496 0.1000
1 992.30896 0.1000
1 989.00818 0.1000
1 986.98605 0.1000
1 986.25117 0.1000
1 986.80715 0.1000
1 988.65247 0.1000
1 991.78059 0.1000
1 996.18007 0.1000
1 1352.93518 0.1000
1 1328.15327 0.1000
1 1303.86399 0.1000
1 1280.09613 0.1000
1 1256.87998 0.1000
1 1234.24745 0.1000
1 1212.23199 0.1000
1 1190.86859 0.1000
1 1170.19376 0.1000
1 1150.24542 0.1000
1 1131.06284 0.1000
1 1112.68644 0.1000
1 1095.15764 0.1000
1 1078.51859 0.1000
1 1062.81193 0.1000
1 1048.08045 0.1000
1 1034.36664 0.1000
1 1021.71236 0.1000
1 1010.15827 0.1000
1 999.74337 0.1000
1 990.50444 0.1000
1 982.47551 0.1000
1 975.68728 0.1000
1 970.16660 0.1000
1 965.93601 0.1000
1 963.01332 0.1000
1 961.41121 0.1000
1 961.13703 0.1000
1 962.19265 0.1000
1 964.57438 0.1000
1 968.27311 0.1000
1 973.27445 0.1000
1 1327.48219 0.1000
1 1302.45521 0.1000
1 1277.92569 0.1000
1 1253.92354 0.1000
1 1230.48034 0.1000
1 1207.62940 0.1000
1 1185.40571 0.1000
1 1163.84598 0.1000
1 1142.98856 0.1000
1 1122.87339 0.1000
1 1103.54187 0.1000
1 1085.03670 0.1000
1 1067.40169 0.1000
1 1050.68149 0.1000
1 1034.92131 0.1000
1 1020.16647 0.1000
1 1006.46207 0.1000
1 993.85241 0.1000
1 982.38051 0.1000
1 972.08753 0.1000
1 963.01211 0.1000
1 955.18981 0.1000
1 948.65248 0.1000
1 943.42765 0.1000
1 939.53806 0.1000
1 937.00111 0.1000
1 935.82859 0.1000
1 936.02639 0.1000
1 937.59438 0.1000
1 940.52641 0.1000
1 944.81046 0.1000
1 950.42889 0.1000
1 1302.25347 0.1000
1 1276.96866 0.1000
1 1252.18552 0.1000
1 1227.93513 0.1000
1 1204.25040 0.1000
1 1181.16607 0.1000
1 1158.71879 0.1000
1 1136.94704 0.1000
1 1115.89116 0.1000
1 1095.59319 0.1000
1 1076.09685 0.1000
1 1057.44728 0.1000
1 1039.69089 0.1000
1 1022.87504 0.1000
1 1007.04770 0.1000
1 992.25702 0.1000
1 978.55089 0.1000
1 965.97633 0.1000
1 954.57894 0.1000
1 944.40222 0.1000
1 935.48686 0.1000
1 927.87010 0.1000
1 921.58498 0.1000
1 916.65974 0.1000
1 913.11722 0.1000
1 910.97436 0.1000
1 910.24184 0.1000
1 910.92385 0.1000
1 913.01795 0.1000
1 916.51519 0.1000
1 921.40029 0.1000
1 927.65198 0.1000
1 1277.26479 0.1000
1 1251.70909 0.1000
1 1226.65860 0.1000
1 1202.14559 0.1000
1 1178.20430 0.1000
1 1154.87103 0.1000
1 1132.18409 0.1000
1 1110.18388 0.1000
1 1088.91279 0.1000
1 1068.41515 0.1000
1 1048.73713 0.1000
1 1029.92652 0.1000
1 1012.03254 0.1000
1 995.10546 0.1000
1 979.19630 0.1000
1 964.35631 0.1000
1 950.63641 0.1000
1 938.08666 0.1000
1 926.75546 0.1000
1 916.68888 0.1000
1 907.92988 0.1000
1 900.51748 0.1000
1 894.48604 0.1000
1 889.86450 0.1000
1 886.67574 0.1000
1 884.93609 0.1000
1 884.65490 0.1000
1 885.83437 0.1000
1 888.46942 0.1000
1 892.54792 0.1000
1 898.05089 0.1000
1 904.95303 0.1000
1 1252.53293 0.1000
1 1226.69304 0.1000
1 1201.36113 0.1000
1 1176.57067 0.1000
1 1152.35732 0.1000
1 1128.75891 0.1000
1 1105.81555 0.1000
1 1083.56962 0.1000
1 1062.06569 0.1000
1 1041.35053 0.1000
1 1021.47292 0.1000
1 1002.48353 0.1000
1 984.43458 0.1000
1 967.37956 0.1000
1 951.37279 0.1000
1 936.46891 0.1000
1 922.72224 0.1000
1 910.18610 0.1000
1 898.91204 0.1000
1 888.94897 0.1000
1 880.34231 0.1000
1 873.13306 0.1000
1 867.35695 0.1000
1 863.04364 0.1000
1 860.21598 0.1000
1 858.88952 0.1000
1 859.07202 0.1000
1 860.76335 0.1000
1 863.95541 0.1000
1 868.63241 0.1000
1 874.77128 0.1000
1 882.34218 0.1000
1 1228.07580 0.1000
1 1201.93820 0.1000
1 1176.31047 0.1000
1 1151.22735 0.1000
1 1126.72588 0.1000
1 1102.84555 0.1000
1 1079.62829 0.1000
1 1057.11853 0.1000
1 1035.36320 0.1000
1 1014.41163 0.1000
1 994.31542 0.1000
1 975.12828 0.1000
1 956.90575 0.1000
1 939.70480 0.1000
1 923.58338 0.1000
1 908.59984 0.1000
1 894.81225 0.1000
1 882.27756 0.1000
1 871.05080 0.1000
1 861.18401 0.1000
1 852.72533 0.1000
1 845.71792 0.1000
1 840.19900 0.1000
1 836.19894 0.1000
1 833.74048 0.1000
1 832.83814 0.1000
1 833.49784 0.1000
1 835.71669 0.1000
1 839.48314 0.1000
1 844.77727 0.1000
1 851.57131 0.1000
1 859.83044 0.1000
1 1203.91249 0.1000
1 1177.46345 0.1000
1 1151.52526 0.1000
1 1126.13387 0.1000
1 1101.32777 0.1000
1 1077.14810 0.1000
1 1053.63870 0.1000
1 1030.84619 0.1000
1 1008.81991 0.1000
1 987.61194 0.1000
1 967.27688 0.1000
1 947.87177 0.1000
1 929.45570 0.1000
1 912.08944 0.1000
1 895.83492 0.1000
1 880.75461 0.1000
1 866.91070 0.1000
1 854.36419 0.1000
1 843.17395 0.1000
1 833.39554 0.1000
1 825.08009 0.1000
1 818.27314 0.1000
1 813.01349 0.1000
1 809.33225 0.1000
1 807.25191 0.1000
1 806.78574 0.1000
1 807.93742 0.1000
1 810.70089 0.1000
1 815.06059 0.1000
1 820.99189 0.1000
1 828.46179 0.1000
1 837.42985 0.1000
1 1180.06333 0.1000
1 1153.28903 0.1000
1 1127.02549 0.1000
1 1101.30988 0.1000
1 1076.18215 0.1000
1 1051.68514 0.1000
1 1027.86466 0.1000
1 1004.76957 0.1000
1 982.45179 0.1000
1 960.96626 0.1000
1 940.37086 0.1000
1 920.72614 0.1000
1 902.09507 0.1000
1 884.54258 0.1000
1 868.13500 0.1000
1 852.93930 0.1000
1 839.02226 0.1000
1 826.44942 0.1000
1 815.28390 0.1000
1 805.58519 0.1000
1 797.40777 0.1000
1 790.79978 0.1000
1 785.80177 0.1000
1 782.44553 0.1000
1 780.75318 0.1000
1 780.73644 0.1000
1 782.39633 0.1000
1 785.72308 0.1000
1 790.69652 0.1000
1 797.28664 0.1000
1 805.45455 0.1000
1 815.15358 0.1000
1 1156.55003 0.1000
1 1129.43657 0.1000
1 1102.83261 0.1000
1 1076.77654 0.1000
1 1051.30978 0.1000
1 1026.47686 0.1000
1 1002.32561 0.1000
1 978.90724 0.1000
1 956.27633 0.1000
1 934.49091 0.1000
1 913.61227 0.1000
1 893.70481 0.1000
1 874.83569 0.1000
1 857.07439 0.1000
1 840.49204 0.1000
1 825.16065 0.1000
1 811.15210 0.1000
1 798.53697 0.1000
1 787.38321 0.1000
1 777.75466 0.1000
1 769.70954 0.1000
1 763.29891 0.1000
1 758.56518 0.1000
1 755.54085 0.1000
1 754.24744 0.1000
1 754.69479 0.1000
1 756.88074 0.1000
1 760.79120 0.1000
1 766.40066 0.1000
1 773.67300 0.1000
1 782.56268 0.1000
1 793.01607 0.1000
1 1133.39568 0.1000
1 1105.92918 0.1000
1 1078.96965 0.1000
1 1052.55668 0.1000
1 1026.73309 0.1000
1 1001.54516 0.1000
1 977.04277 0.1000
1 953.27952 0.1000
1 930.31281 0.1000
1 908.20388 0.1000
1 887.01768 0.1000
1 866.82273 0.1000
1 847.69075 0.1000
1 829.69617 0.1000
1 812.91547 0.1000
1 797.42621 0.1000
1 783.30598 0.1000
1 770.63101 0.1000
1 759.47466 0.1000
1 749.90571 0.1000
1 741.98659 0.1000
1 735.77158 0.1000
1 731.30514 0.1000
1 728.62042 0.1000
1 727.73814 0.1000
1 728.66582 0.1000
1 731.39752 0.1000
1 735.91408 0.1000
1 742.18383 0.1000
1 750.16368 0.1000
1 759.80059 0.1000
1 771.03322 0.1000
1 1110.62491 0.1000
1 1082.79161 0.1000
1 1055.46135 0.1000
1 1028.67486 0.1000
1 1002.47636 0.1000
1 976.91386 0.1000
1 952.03928 0.1000
1 927.90870 0.1000
1 904.58242 0.1000
1 882.12504 0.1000
1 860.60544 0.1000
1 840.09652 0.1000
1 820.67496 0.1000
1 802.42064 0.1000
1 785.41587 0.1000
1 769.74444 0.1000
1 755.49032 0.1000
1 742.73612 0.1000
1 731.56131 0.1000
1 722.04025 0.1000
1 714.24013 0.1000
1 708.21884 0.1000
1 704.02308 0.1000
1 701.68662 0.1000
1 701.22907 0.1000
1 702.65512 0.1000
1 705.95433 0.1000
1 711.10160 0.1000
1 718.05812 0.1000
1 726.77284 0.1000
1 737.18428 0.1000
1 749.22253 0.1000
1 1088.26391 0.1000
1 1060.05026 0.1000
1 1032.33422 0.1000
1 1005.15757 0.1000
1 978.56590 0.1000
1 952.60885 0.1000
1 927.34044 0.1000
1 902.81924 0.1000
1 879.10853 0.1000
1 856.27646 0.1000
1 834.39600 0.1000
1 813.54480 0.1000
1 793.80489 0.1000
1 775.26207 0.1000
1 758.00518 0.1000
1 742.12491 0.1000
1 727.71240 0.1000
1 714.85746 0.1000
1 703.64652 0.1000
1 694.16030 0.1000
1 686.47137 0.1000
1 680.64173 0.1000
1 676.72050 0.1000
1 674.74202 0.1000
1 674.72446 0.1000
1 676.66900 0.1000
1 680.55985 0.1000
1 686.36491 0.1000
1 694.03712 0.1000
1 703.51633 0.1000
1 714.73154 0.1000
1 727.60334 0.1000
1 1066.34051 0.1000
1 1037.73335 0.1000
1 1009.61672 0.1000
1 982.03336 0.1000
1 955.03013 0.1000
1 928.65830 0.1000
1 902.97390 0.1000
1 878.03801 0.1000
1 853.91698 0.1000
1 830.68260 0.1000
1 808.41219 0.1000
1 787.18843 0.1000
1 767.09915 0.1000
1 748.23666 0.1000
1 730.69696 0.1000
1 714.57849 0.1000
1 699.98046 0.1000
1 687.00086 0.1000
1 675.73406 0.1000
1 666.26805 0.1000
1 658.68158 0.1000
1 653.04128 0.1000
1 649.39897 0.1000
1 647.78947 0.1000
1 648.22902 0.1000
1 650.71456 0.1000
1 655.22387 0.1000
1 661.71660 0.1000
1 670.13612 0.1000
1 680.41188 0.1000
1 692.46216 0.1000
1 706.19703 0.1000
1 1044.88429 0.1000
1 1015.87094 0.1000
1 987.33930 0.1000
1 959.33294 0.1000
1 931.89985 0.1000
1 905.09284 0.1000
1 878.96990 0.1000
1 853.59458 0.1000
1 829.03632 0.1000
1 805.37069 0.1000
1 782.67952 0.1000
1 761.05089 0.1000
1 740.57882 0.1000
1 721.36276 0.1000
1 703.50666 0.1000
1 687.11759 0.1000
1 672.30392 0.1000
1 659.17295 0.1000
1 647.82816 0.1000
1 638.36590 0.1000
1 630.87205 0.1000
1 625.41852 0.1000
1 622.06015 0.1000
1 620.83209 0.1000
1 621.74812 0.1000
1 624.79992 0.1000
1 629.95757 0.1000
1 637.17101 0.1000
1 646.37246 0.1000
1 657.47947 0.1000
1 670.39829 0.1000
1 685.02735 0.1000
1 1023.92656 0.1000
1 994.49507 0.1000
1 965.53458 0.1000
1 937.08934 0.1000
1 909.20835 0.1000
1 881.94579 0.1000
1 855.36151 0.1000
1 829.52147 0.1000
1 804.49819 0.1000
1 780.37106 0.1000
1 757.22663 0.1000
1 735.15864 0.1000
1 714.26781 0.1000
1 694.66136 0.1000
1 676.45201 0.1000
1 659.75653 0.1000
1 644.69364 0.1000
1 631.38135 0.1000
1 619.93360 0.1000
1 610.45648 0.1000
1 603.04410 0.1000
1 597.77448 0.1000
1 594.70581 0.1000
1 593.87341 0.1000
1 595.28784 0.1000
1 598.93438 0.1000
1 604.77380 0.1000
1 612.74454 0.1000
1 622.76584 0.1000
1 634.74165 0.1000
1 648.56469 0.1000
1 664.12061 0.1000
1 1003.50047 0.1000
1 973.63978 0.1000
1 944.23739 0.1000
1 915.33805 0.1000
1 886.99158 0.1000
1 859.25335 0.1000
1 832.18490 0.1000
1 805.85449 0.1000
1 780.33762 0.1000
1 755.71756 0.1000
1 732.08567 0.1000
1 709.54163 0.1000
1 688.19335 0.1000
1 668.15646 0.1000
1 649.55341 0.1000
1 632.51184 0.1000
1 617.16224 0.1000
1 603.63489 0.1000
1 592.05591 0.1000
1 582.54274 0.1000
1 575.19913 0.1000
1 570.11019 0.1000
1 567.33786 0.1000
1 566.91739 0.1000
1 568.85525 0.1000
1 573.12874 0.1000
1 579.68742 0.1000
1 588.45605 0.1000
1 599.33878 0.1000
1 612.22396 0.1000
1 626.98921 0.1000
1 643.50610 0.1000
1 983.64098 0.1000
1 953.34116 0.1000
1 923.48487 0.1000
1 894.11714 0.1000
1 865.28834 0.1000
1 837.05483 0.1000
1 809.47961 0.1000
1 782.63303 0.1000
1 756.59347 0.1000
1 731.44798 0.1000
1 707.29282 0.1000
1 684.23385 0.1000
1 662.38656 0.1000
1 641.87574 0.1000
1 622.83455 0.1000
1 605.40280 0.1000
1 589.72444 0.1000
1 575.94389 0.1000
1 564.20151 0.1000
1 554.62804 0.1000
1 547.33862 0.1000
1 542.42666 0.1000
1 539.95838 0.1000
1 539.96861 0.1000
1 542.45853 0.1000
1 547.39558 0.1000
1 554.71569 0.1000
1 564.32736 0.1000
1 576.11708 0.1000
1 589.95544 0.1000
1 605.70312 0.1000
1 623.21644 0.1000
1 964.38489 0.1000
1 933.63739 0.1000
1 903.31653 0.1000
1 873.46732 0.1000
1 844.14041 0.1000
1 815.39284 0.1000
1 787.28880 0.1000
1 759.90045 0.1000
1 733.30881 0.1000
1 707.60457 0.1000
1 682.88888 0.1000
1 659.27391 0.1000
1 636.88313 0.1000
1 615.85118 0.1000
1 596.32298 0.1000
1 578.45205 0.1000
1 562.39762 0.1000
1 548.32056 0.1000
1 536.37791 0.1000
1 526.71621 0.1000
1 519.46412 0.1000
1 514.72491 0.1000
1 512.56968 0.1000
1 513.03237 0.1000
1 516.10733 0.1000
1 521.74973 0.1000
1 529.87888 0.1000
1 540.38384 0.1000
1 553.13051 0.1000
1 567.96917 0.1000
1 584.74170 0.1000
1 603.28791 0.1000
1 945.77077 0.1000
1 914.56875 0.1000
1 883.77428 0.1000
1 853.43205 0.1000
1 823.59267 0.1000
1 794.31350 0.1000
1 765.65952 0.1000
1 737.70437 0.1000
1 710.53137 0.1000
1 684.23459 0.1000
1 658.91990 0.1000
1 634.70581 0.1000
1 611.72411 0.1000
1 590.11991 0.1000
1 570.05104 0.1000
1 551.68630 0.1000
1 535.20245 0.1000
1 520.77946 0.1000
1 508.59407 0.1000
1 498.81173 0.1000
1 491.57735 0.1000
1 487.00598 0.1000
1 485.17436 0.1000
1 486.11492 0.1000
1 489.81316 0.1000
1 496.20884 0.1000
1 505.20092 0.1000
1 516.65520 0.1000
1 530.41347 0.1000
1 546.30293 0.1000
1 564.14472 0.1000
1 583.76097 0.1000
1 927.83893 0.1000
1 896.17752 0.1000
1 864.90238 0.1000
1 834.05755 0.1000
1 803.69319 0.1000
1 773.86655 0.1000
1 744.64297 0.1000
1 716.09706 0.1000
1 688.31401 0.1000
1 661.39084 0.1000
1 635.43784 0.1000
1 610.57977 0.1000
1 586.95683 0.1000
1 564.72523 0.1000
1 544.05677 0.1000
1 525.13735 0.1000
1 508.16370 0.1000
1 493.33813 0.1000
1 480.86080 0.1000
1 470.91992 0.1000
1 463.68018 0.1000
1 459.27088 0.1000
1 457.77540 0.1000
1 459.22374 0.1000
1 463.58985 0.1000
1 470.79408 0.1000
1 480.71028 0.1000
1 493.17633 0.1000
1 508.00589 0.1000
1 525.00002 0.1000
1 543.95711 0.1000
1 564.68066 0.1000
1 910.63126 0.1000
1 878.50791 0.1000
1 846.74743 0.1000
1 815.39278 0.1000
1 784.49327 0.1000
1 754.10551 0.1000
1 724.29466 0.1000
1 695.13574 0.1000
1 666.71515 0.1000
1 639.13233 0.1000
1 612.50144 0.1000
1 586.95313 0.1000
1 562.63604 0.1000
1 539.71781 0.1000
1 518.38528 0.1000
1 498.84328 0.1000
1 481.31137 0.1000
1 466.01796 0.1000
1 453.19126 0.1000
1 443.04717 0.1000
1 435.77468 0.1000
1 431.52066 0.1000
1 430.37629 0.1000
1 432.36790 0.1000
1 437.45429 0.1000
1 445.53107 0.1000
1 456.44108 0.1000
1 469.98853 0.1000
1 485.95432 0.1000
1 504.11008 0.1000
1 524.22961 0.1000
1 546.09711 0.1000
1 894.19109 0.1000
1 861.60594 0.1000
1 829.35820 0.1000
1 797.48937 0.1000
1 766.04738 0.1000
1 735.08768 0.1000
1 704.67459 0.1000
1 674.88281 0.1000
1 645.79922 0.1000
1 617.52481 0.1000
1 590.17693 0.1000
1 563.89147 0.1000
1 538.82513 0.1000
1 515.15714 0.1000
1 493.09024 0.1000
1 472.85004 0.1000
1 454.68208 0.1000
1 438.84534 0.1000
1 425.60180 0.1000
1 415.20135 0.1000
1 407.86328 0.1000
1 403.75637 0.1000
1 402.98119 0.1000
1 405.55859 0.1000
1 411.42731 0.1000
1 420.45125 0.1000
1 432.43454 0.1000
1 447.14091 0.1000
1 464.31315 0.1000
1 483.69015 0.1000
1 505.01951 0.1000
1 528.06598 0.1000
1 878.56295 0.1000
1 845.51916 0.1000
1 812.78545 0.1000
1 780.40142 0.1000
1 748.41310 0.1000
1 716.87414 0.1000
1 685.84729 0.1000
1 655.40610 0.1000
1 625.63697 0.1000
1 596.64144 0.1000
1 568.53896 0.1000
1 541.46969 0.1000
1 515.59763 0.1000
1 491.11331 0.1000
1 468.23589 0.1000
1 447.21351 0.1000
1 428.32100 0.1000
1 411.85323 0.1000
1 398.11294 0.1000
1 387.39228 0.1000
1 379.94880 0.1000
1 375.97908 0.1000
1 375.59518 0.1000
1 378.80989 0.1000
1 385.53505 0.1000
1 395.59346 0.1000
1 408.74086 0.1000
1 424.69211 0.1000
1 443.14613 0.1000
1 463.80574 0.1000
1 486.39138 0.1000
1 510.64888 0.1000
1 863.79230 0.1000
1 830.29641 0.1000
1 797.08165 0.1000
1 764.18526 0.1000
1 731.65082 0.1000
1 699.52951 0.1000
1 667.88173 0.1000
1 636.77889 0.1000
1 606.30578 0.1000
1 576.56324 0.1000
1 547.67138 0.1000
1 519.77324 0.1000
1 493.03880 0.1000
1 467.66902 0.1000
1 443.89943 0.1000
1 422.00205 0.1000
1 402.28443 0.1000
1 385.08330 0.1000
1 370.75097 0.1000
1 359.63254 0.1000
1 352.03465 0.1000
1 348.18989 0.1000
1 348.22465 0.1000
1 352.13981 0.1000
1 359.81069 0.1000
1 371.00635 0.1000
1 385.42158 0.1000
1 402.71255 0.1000
1 422.52802 0.1000
1 444.53207 0.1000
1 468.41784 0.1000
1 493.91377 0.1000
1 849.92513 0.1000
1 815.98740 0.1000
1 782.30057 0.1000
1 748.89905 0.1000
1 715.82343 0.1000
1 683.12174 0.1000
1 650.85111 0.1000
1 619.07981 0.1000
1 587.88972 0.1000
1 557.37943 0.1000
1 527.66797 0.1000
1 498.89929 0.1000
1 471.24739 0.1000
1 444.92196 0.1000
1 420.17395 0.1000
1 397.29990 0.1000
1 376.64316 0.1000
1 358.58904 0.1000
1 343.55011 0.1000
1 331.93855 0.1000
1 324.12510 0.1000
1 320.38996 0.1000
1 320.87781 0.1000
1 325.57186 0.1000
1 334.29712 0.1000
1 346.75147 0.1000
1 362.55277 0.1000
1 381.28699 0.1000
1 402.54660 0.1000
1 425.95527 0.1000
1 451.18015 0.1000
1 477.93517 0.1000
1 837.00754 0.1000
1 802.64230 0.1000
1 768.49681 0.1000
1 734.60229 0.1000
1 700.99579 0.1000
1 667.72150 0.1000
1 634.83243 0.1000
1 602.39255 0.1000
1 570.47942 0.1000
1 539.18762 0.1000
1 508.63297 0.1000
1 478.95782 0.1000
1 450.33743 0.1000
1 422.98743 0.1000
1 397.17199 0.1000
1 373.21143 0.1000
1 351.48720 0.1000
1 332.44006 0.1000
1 316.55580 0.1000
1 304.33236 0.1000
1 296.22565 0.1000
1 292.58049 0.1000
1 293.56556 0.1000
1 299.13750 0.1000
1 309.05064 0.1000
1 322.90762 0.1000
1 340.22900 0.1000
1 360.51774 0.1000
1 383.30478 0.1000
1 408.17363 0.1000
1 434.76877 0.1000
1 462.79418 0.1000
1 825.08526 0.1000
1 790.31110 0.1000
1 755.72519 0.1000
1 721.35516 0.1000
1 687.23405 0.1000
1 653.40156 0.1000
1 619.90576 0.1000
1 586.80515 0.1000
1 554.17152 0.1000
1 522.09351 0.1000
1 490.68126 0.1000
1 460.07244 0.1000
1 430.43991 0.1000
1 402.00117 0.1000
1 375.02962 0.1000
1 349.86659 0.1000
1 326.93200 0.1000
1 306.72834 0.1000
1 289.82965 0.1000
1 276.84433 0.1000
1 268.34373 0.1000
1 264.76284 0.1000
1 266.30288 0.1000
1 272.87978 0.1000
1 284.14652 0.1000
1 299.57684 0.1000
1 318.56852 0.1000
1 340.52833 0.1000
1 364.92276 0.1000
1 391.29851 0.1000
1 419.28351 0.1000
1 448.57820 0.1000
1 814.20305 0.1000
1 779.04307 0.1000
1 744.04001 0.1000
1 709.21770 0.1000
1 674.60475 0.1000
1 640.23584 0.1000
1 606.15328 0.1000
1 572.40910 0.1000
1 539.06784 0.1000
1 506.21019 0.1000
1 473.93796 0.1000
1 442.38060 0.1000
1 411.70403 0.1000
1 382.12204 0.1000
1 353.91103 0.1000
1 327.42755 0.1000
1 303.12693 0.1000
1 281.57729 0.1000
1 263.45717 0.1000
1 249.51766 0.1000
1 240.48974 0.1000
1 236.93850 0.1000
1 239.11109 0.1000
1 246.85932 0.1000
1 259.68735 0.1000
1 276.89265 0.1000
1 297.71970 0.1000
1 321.46756 0.1000
1 347.54002 0.1000
1 375.45501 0.1000
1 404.83326 0.1000
1 435.38026 0.1000
1 804.40404 0.1000
1 768.88592 0.1000
1 733.49428 0.1000
1 698.24891 0.1000
1 663.17380 0.1000
1 628.29817 0.1000
1 593.65798 0.1000
1 559.29789 0.1000
1 525.27385 0.1000
1 491.65676 0.1000
1 458.53734 0.1000
1 426.03307 0.1000
1 394.29764 0.1000
1 363.53414 0.1000
1 334.01316 0.1000
1 306.09653 0.1000
1 280.26644 0.1000
1 257.15506 0.1000
1 237.56008 0.1000
1 222.41598 0.1000
1 212.67902 0.1000
1 209.10930 0.1000
1 212.02191 0.1000
1 221.16415 0.1000
1 235.81562 0.1000
1 255.03139 0.1000
1 277.86871 0.1000
1 303.51355 0.1000
1 331.31677 0.1000
1 360.78167 0.1000
1 391.53506 0.1000
1 423.29784 0.1000
1 795.72910 0.1000
1 759.88511 0.1000
1 724.13871 0.1000
1 688.50568 0.1000
1 653.00523 0.1000
1 617.66093 0.1000
1 582.50204 0.1000
1 547.56517 0.1000
1 512.89671 0.1000
1 478.55614 0.1000
1 444.62069 0.1000
1 411.19210 0.1000
1 378.40631 0.1000
1 346.44765 0.1000
1 315.56953 0.1000
1 286.12425 0.1000
1 258.60429 0.1000
1 233.69373 0.1000
1 212.31624 0.1000
1 195.63706 0.1000
1 184.93560 0.1000
1 181.27757 0.1000
1 185.08492 0.1000
1 195.92659 0.1000
1 212.73315 0.1000
1 234.22717 0.1000
1 259.24812 0.1000
1 286.87714 0.1000
1 316.43405 0.1000
1 347.42921 0.1000
1 379.51224 0.1000
1 412.43102 0.1000
1 788.21608 0.1000
1 752.08294 0.1000
1 716.02081 0.1000
1 680.04158 0.1000
1 644.15978 0.1000
1 608.39338 0.1000
1 572.76482 0.1000
1 537.30245 0.1000
1 502.04252 0.1000
1 467.03202 0.1000
1 432.33286 0.1000
1 398.02793 0.1000
1 364.23029 0.1000
1 331.09717 0.1000
1 298.85182 0.1000
1 267.81748 0.1000
1 238.47023 0.1000
1 211.51665 0.1000
1 187.99283 0.1000
1 169.33832 0.1000
1 157.29967 0.1000
1 153.44667 0.1000
1 158.38238 0.1000
1 171.35320 0.1000
1 190.73054 0.1000
1 214.79079 0.1000
1 242.14499 0.1000
1 271.80308 0.1000
1 303.09185 0.1000
1 335.55756 0.1000
1 368.89152 0.1000
1 402.88000 0.1000
1 781.89911 0.1000
1 745.51772 0.1000
1 709.18381 0.1000
1 672.90565 0.1000
1 636.69343 0.1000
1 600.55981 0.1000
1 564.52072 0.1000
1 528.59641 0.1000
1 492.81304 0.1000
1 457.20487 0.1000
1 421.81759 0.1000
1 386.71335 0.1000
1 351.97854 0.1000
1 317.73628 0.1000
1 284.16690 0.1000
1 251.54252 0.1000
1 220.28640 0.1000
1 191.07472 0.1000
1 165.00110 0.1000
1 143.78777 0.1000
1 129.84466 0.1000
1 125.62212 0.1000
1 132.06134 0.1000
1 147.77996 0.1000
1 170.23075 0.1000
1 197.13048 0.1000
1 226.90551 0.1000
1 258.56721 0.1000
1 291.50392 0.1000
1 325.33081 0.1000
1 359.79885 0.1000
1 394.74190 0.1000
1 776.80791 0.1000
1 740.22293 0.1000
1 703.66564 0.1000
1 667.14117 0.1000
1 630.65587 0.1000
1 594.21771 0.1000
1 557.83675 0.1000
1 521.52589 0.1000
1 485.30194 0.1000
1 449.18712 0.1000
1 413.21137 0.1000
1 377.41601 0.1000
1 341.85944 0.1000
1 306.62676 0.1000
1 271.84624 0.1000
1 237.71914 0.1000
1 204.57597 0.1000
1 172.98711 0.1000
1 143.98398 0.1000
1 119.47075 0.1000
1 102.72078 0.1000
1  97.81464 0.1000
1 106.41018 0.1000
1 125.77464 0.1000
1 151.84713 0.1000
1 181.76755 0.1000
1 213.93079 0.1000
1 247.46679 0.1000
1 281.88858 0.1000
1 316.90989 0.1000
1 352.35402 0.1000
1 388.10695 0.1000
1 772.96713 0.1000
1 736.22646 0.1000
1 699.49803 0.1000
1 662.78445 0.1000
1 626.08901 0.1000
1 589.41582 0.1000
1 552.77015 0.1000
1 516.15882 0.1000
1 479.59075 0.1000
1 443.07786 0.1000
1 406.63637 0.1000
1 370.28893 0.1000
1 334.06801 0.1000
1 298.02182 0.1000
1 262.22480 0.1000
1 226.79783 0.1000
1 191.94934 0.1000
1 158.06667 0.1000
1 125.93726 0.1000
1  97.32057 0.1000
1  76.28748 0.1000
1  70.05048 0.1000
1  82.06456 0.1000
1 106.31927 0.1000
1 136.44082 0.1000
1 169.33094 0.1000
1 203.65620 0.1000
1 238.80156 0.1000
1 274.45475 0.1000
1 310.44315 0.1000
1 346.66444 0.1000
1 383.05437 0.1000
1 770.39579 0.1000
1 733.54985 0.1000
1 696.70556 0.1000
1 659.86377 0.1000
1 623.02559 0.1000
1 586.19245 0.1000
1 549.36619 0.1000
1 512.54926 0.1000
1 475.74488 0.1000
1 438.95743 0.1000
1 402.19293 0.1000
1 365.45990 0.1000
1 328.77067 0.1000
1 292.14385 0.1000
1 255.60874 0.1000
1 219.21412 0.1000
1 183.04743 0.1000
1 147.28122 0.1000
1 112.30490 0.1000
1  79.18107 0.1000
1  51.62283 0.1000
1  42.42210 0.1000
1  60.62363 0.1000
1  91.06659 0.1000
1 125.11906 0.1000
1 160.50432 0.1000
1 196.50737 0.1000
1 232.84490 0.1000
1 269.38427 0.1000
1 306.05552 0.1000
1 342.81841 0.1000
1 379.64817 0.1000
1 769.10685 0.1000
1 732.20782 0.1000
1 695.30506 0.1000
1 658.39851 0.1000
1 621.48816 0.1000
1 584.57403 0.1000
1 547.65620 0.1000
1 510.73482 0.1000
1 473.81014 0.1000
1 436.88253 0.1000
1 399.95259 0.1000
1 363.02116 0.1000
1 326.08958 0.1000
1 289.15990 0.1000
1 252.23545 0.1000
1 215.32190 0.1000
1 178.42972 0.1000
1 141.58036 0.1000
1 104.82550 0.1000
1  68.32798 0.1000
1  32.97548 0.1000
1  15.67844 0.1000
1  46.31885 0.1000
1  82.38743 0.1000
1 119.05468 0.1000
1 155.90339 0.1000
1 192.83331 0.1000
1 229.80845 0.1000
1 266.81270 0.1000
1 303.83778 0.1000
1 340.87898 0.1000
1 377.93342 0.1000
1 769.10685 0.1000
1 732.20782 0.1000
1 695.30506 0.1000
1 658.39851 0.1000
1 621.48816 0.1000
1 584.57403 0.1000
1 547.65620 0.1000
1 510.73482 0.1000
1 473.81014 0.1000
1 436.88253 0.1000
1 399.95259 0.1000
1 363.02116 0.1000
1 326.08958 0.1000
1 289.15990 0.1000
1 252.23545 0.1000
1 215.32190 0.1000
1 178.42972 0.1000
1 141.58036 0.1000
1 104.82550 0.1000
1  68.32798 0.1000
1  32.97548 0.1000
1  15.67844 0.1000
1  46.31885 0.1000
1  82.38743 0.1000
1 119.05468 0.1000
1 155.90339 0.1000
1 192.83331 0.1000
1 229.80845 0.1000
1 266.81270 0.1000
1 303.83778 0.1000
1 340.87898 0.1000
1 377.93342 0.1000
1 770.39579 0.1000
1 733.54985 0.1000
1 696.70556 0.1000
1 659.86377 0.1000
1 623.02559 0.1000
1 586.19245 0.1000
1 549.36619 0.1000
1 512.54926 0.1000
1 475.74488 0.1000
1 438.95743 0.1000
1 402.19293 0.1000
1 365.45990 0.1000
1 328.77067 0.1000
1 292.14385 0.1000
1 255.60874 0.1000
1 219.21412 0.1000
1 183.04743 0.1000
1 147.28122 0.1000
1 112.30490 0.1000
1  79.18107 0.1000
1  51.62283 0.1000
1  42.42210 0.1000
1  60.62363 0.1000
1  91.06659 0.1000
1 125.11906 0.1000
1 160.50432 0.1000
1 196.50737 0.1000
1 232.84490 0.1000
1 269.38427 0.1000
1 306.05552 0.1000
1 342.81841 0.1000
1 379.64817 0.1000
1 772.96713 0.1000
1 736.22646 0.1000
1 699.49803 0.1000
1 662.78445 0.1000
1 626.08901 0.1000
1 589.41582 0.1000
1 552.77015 0.1000
1 516.15882 0.1000
1 479.59075 0.1000
1 443.07786 0.1000
1 406.63637 0.1000
1 370.28893 0.1000
1 334.06801 0.1000
1 298.02182 0.1000
1 262.22480 0.1000
1 226.79783 0.1000
1 191.94934 0.1000
1 158.06667 0.1000
1 125.93726 0.1000
1  97.32057 0.1000
1  76.28748 0.1000
1  70.05048 0.1000
1  82.06456 0.1000
1 106.31927 0.1000
1 136.44082 0.1000
1 169.33094 0.1000
1 203.65620 0.1000
1 238.80156 0.1000
1 274.45475 0.1000
1 310.44315 0.1000
1 346.66444 0.1000
1 383.05437 0.1000
1 776.80791 0.1000
1 740.22293 0.1000
1 703.66564 0.1000
1 667.14117 0.1000
1 630.65587 0.1000
1 594.21771 0.1000
1 557.83675 0.1000
1 521.52589 0.1000
1 485.30194 0.1000
1 449.18712 0.1000
1 413.21137 0.1000
1 377.41601 0.1000
1 341.85944 0.1000
1 306.62676 0.1000
1 271.84624 0.1000
1 237.71914 0.1000
1 204.57597 0.1000
1 172.98711 0.1000
1 143.98398 0.1000
1 119.47075 0.1000
1 102.72078 0.1000
1  97.81464 0.1000
1 106.41018 0.1000
1 125.77464 0.1000
1 151.84713 0.1000
1 181.76755 0.1000
1 213.93079 0.1000
1 247.46679 0.1000
1 281.88858 0.1000
1 316.90989 0.1000
1 352.35402 0.1000
1 388.10695 0.1000
1 781.89911 0.1000
1 745.51772 0.1000
1 709.18381 0.1000
1 672.90565 0.1000
1 636.69343 0.1000
1 600.55981 0.1000
1 564.52072 0.1000
1 528.59641 0.1000
1 492.81304 0.1000
1 457.20487 0.1000
1 421.81759 0.1000
1 386.71335 0.1000
1 351.97854 0.1000
1 317.73628 0.1000
1 284.16690 0.1000
1 251.54252 0.1000
1 220.28640 0.1000
1 191.07472 0.1000
1 165.00110 0.1000
1 143.78777 0.1000
1 129.84466 0.1000
1 125.62212 0.1000
1 132.06134 0.1000
1 147.77996 0.1000
1 170.23075 0.1000
1 197.13048 0.1000
1 226.90551 0.1000
1 258.56721 0.1000
1 291.50392 0.1000
1 325.33081 0.1000
1 359.79885 0.1000
1 394.74190 0.1000
